"V1","V2","V3","V4","V5"
0.133251739390956,0.970639517674609,-0.621268771290228,-0.000426865929271705,0.194073948495353
0.176287940711462,0.967025009143511,-0.968078084568665,-0.000400248269947963,0.183980110515214
0.183658135866926,0.955519224197944,-0.524454372630989,-0.000491693485845838,0.178969100012758
0.14471068290866,0.960252544344021,-0.179056633508346,-0.000377934435371547,0.187094416569107
0.171329274874996,0.969440077238502,-0.578901691422576,-0.000501539757436853,0.183744784339577
0.145281140776374,0.971490202640313,-0.623430198589727,-0.00027345862083138,0.181234426826235
0.157345284526853,0.964426816371292,-0.595814575595225,-0.000390354399393597,0.17552060280638
0.19978474822258,0.957567005321399,-1.12032154491677,-0.000438911160823436,0.175415651798087
0.0808270208189656,0.988904240384879,-0.0929411745937638,-0.000424961840705358,0.189929163650994
0.164712628529855,0.959739349015175,-0.992647821977308,-0.000282785717534423,0.188808156409383
0.153300964731826,0.957509360679131,-0.355314911979717,-0.000286331406322121,0.173312758095271
0.102629343634359,0.973217245872039,-0.6172256592055,-0.000242068509478373,0.188666582649014
0.135442481339466,0.984254208912213,-0.453943760734688,-0.000449173186864045,0.169840540058577
0.133559206059491,0.964013852063438,-0.128542285724089,-0.000377853876510311,0.16857329705486
0.0601172800478665,0.983691673960683,-0.113444609856621,-0.000208701050145963,0.17730628584347
0.083611903767932,0.979562330914509,0.315359478883177,-0.000319649376107775,0.172206672818946
0.157866051104022,0.961784238794602,-0.594233883507223,-0.000422225580992348,0.187123384156662
0.05563521110298,0.982431225862576,-0.0637075671406163,-0.000164833719979398,0.170559959160481
0.188581037201689,0.955886290631085,-0.349704096772895,-0.000545016272794846,0.185685042162193
0.154762076216121,0.971113477941751,-0.500185259260979,-0.000437218553953382,0.180733049552182
0.143560311363826,0.961325543112348,-0.312831598911906,-0.000353894290817356,0.185006871504211
0.100375897729005,0.982693216299296,-0.387014817769261,-0.000371800498697438,0.192187768304836
0.0912707835466113,0.972082868163388,-0.347466131928521,-0.00028843718187119,0.177273993810359
0.14925393348827,0.956469578416761,-0.253021388328219,-0.000411755468016181,0.184231629184073
0.106474171197086,0.963754068574516,-0.126367376686602,-0.000149499946322128,0.184649561071405
0.121049962592405,0.96669704645085,-0.592792319417305,-0.00026446071857717,0.186360947606963
0.132548949920869,0.96796922788176,-0.295027818641593,-0.00039609128990596,0.182455203389504
0.108289970648804,0.977722835055903,-0.389382077694558,-0.00036381489568508,0.188645828956743
0.171109035281137,0.964218632785605,-0.647087824689977,-0.000439762260415558,0.182884261530589
0.193690479398963,0.952460008065188,-0.810781843556206,-0.00050696050866435,0.176420698927976
0.157193146262548,0.9670043941945,-0.557396793234401,-0.000498449392178787,0.179858044474363
0.141136116734822,0.963479963000549,-0.558016916793756,-0.000245262221853244,0.172262914994717
0.0694915396694777,0.994207699188631,0.00842734353778635,-0.000331678839740316,0.192673378383794
0.146478055969565,0.965748506680985,-0.515044569809745,-0.000304974937140749,0.179469855661176
0.140471506852243,0.97668840621405,-0.213693742264513,-0.000491431847836197,0.176064858621638
0.0819777430787718,0.975001611190707,-0.153855545355705,-0.000140699237823924,0.184410816198162
0.141552950223627,0.960802628896143,-0.244629531433827,-0.00037348135126116,0.178028456468119
0.0846309390260356,0.983173610506472,-0.554910545799744,-0.000307062227058941,0.180829328633926
0.167096186834375,0.946391115086876,-0.789133254564704,-0.000193488976014695,0.190445951689182
0.119710656333918,0.965412836542732,-0.323874709550775,-0.000365782660686619,0.178667926612534
0.157866920182741,0.949017207143151,-0.407718735588188,-0.000234348298236762,0.170125578731514
0.168225680405416,0.971116196907251,-0.787365762337915,-0.00039495348417164,0.175500872036104
0.128367382416237,0.968273658851432,-0.623831047680717,-0.000359767249197029,0.170724229330325
0.106392973053183,0.984915024115363,-0.1376771982925,-0.000435061803512363,0.171249438955868
0.071725549371886,0.996487615994234,-0.146065057111539,-0.000427101776330218,0.174763336947408
0.183613635158664,0.954054417704836,-0.744353597498291,-0.000499982946852416,0.182326344267181
0.162663903041603,0.959233863909783,-0.48801147140177,-0.000393335704581675,0.185712396366741
0.201359007247629,0.955215919241843,-1.00027779810203,-0.000480395574273047,0.187970212236672
0.0639917966037146,0.982378323443003,-0.269725055101252,-0.000218373055140546,0.183603889970947
0.107624975878766,0.977146879429954,-0.39633434112428,-0.000278590314990786,0.194362765956785
0.115088198575433,0.968308134444448,-0.335479492439421,-0.000299888009901767,0.181498297488368
0.0889494277458957,0.968245808708574,-0.0963101277041238,-0.00019576986926748,0.173390036642676
0.112460498637748,0.954045546120566,-0.0545057240225144,-0.000188007965075687,0.17653193175472
0.207818731474535,0.953894081962314,-0.452719723060199,-0.000595472812862529,0.197063594416777
0.108463548585854,0.97240611586722,-0.0730260339847367,-0.000320153535172257,0.182465025072439
0.13706527703788,0.97131795745921,-0.286999153912284,-0.000358394110876909,0.180492124523321
0.159161192662155,0.960879108059891,-0.450625460164742,-0.000492516569152519,0.180367127801846
0.153954547983576,0.967712027004524,-0.770342163595523,-0.000365034231830956,0.181798183374868
0.128295838460029,0.964604584301166,-0.645773084390991,-0.000241239432173422,0.177829040433891
0.11265900191224,0.971258797514566,-0.0219048362203839,-0.000411516780084074,0.192088871727318
0.115841072155977,0.990804785767104,-1.36044408597957,-0.000285083535738838,0.183208124251223
0.143692786767269,0.963326894161452,-0.527554378432314,-0.000341891203157585,0.174322016213098
0.152174784623437,0.963679202793468,-0.822837044910117,-0.000359071230626475,0.184685152253822
0.113327076270048,0.968320023352718,-0.328652504262872,-0.000316405124797612,0.1872077824378
0.148706771172558,0.9715847737801,-0.461627344625583,-0.000390434346695116,0.201164418279765
0.159064953224823,0.959686561993122,-0.44599394544262,-0.000421076955482607,0.175905131070718
0.177166575757418,0.961254439972987,-0.686372339532668,-0.000449380909643894,0.168529156664734
0.10575982972336,0.971967478627177,-0.395470664801879,-0.000275244350968074,0.184267815549688
0.17339744624468,0.957782249028622,-0.829444571597313,-0.000369356366527872,0.17920874566898
0.0581519737418597,0.994474861665664,-0.504493630258649,-0.000263585806105114,0.18545413465246
0.173134423955869,0.963484639922493,-0.6229212266686,-0.000550935575910278,0.17586487074779
0.156894946049182,0.9582506592238,-1.06800751097651,-0.000281228517842315,0.180687093848937
0.169882830365126,0.957026633877361,-0.325832373764003,-0.000433180668840867,0.169660703435854
0.216010851129528,0.949102049399913,-0.3755786520455,-0.000596806129768099,0.180451446032055
0.0940995808220845,0.98740026315025,-0.22383011128772,-0.000421536187697415,0.185004045298196
0.0874764680623103,0.958522514024456,-0.132419755623941,-0.000191307623672824,0.18368526446785
0.122616380132399,0.980634026068165,-0.612428880554944,-0.000415788882028769,0.173742019048459
0.0838071564281497,0.976633870018607,-0.566264476059229,-3.82350068465163e-05,0.184154530102824
0.195523185673835,0.948962092894418,-0.580272971164975,-0.000448279125527657,0.173172310132046
0.110729630596215,0.981040794627479,-0.569423982777126,-0.000276215914711765,0.192855344520596
0.14083290265072,0.962232662883952,-0.673122339179805,-0.000266757947130776,0.176838487303855
0.14798792885362,0.949169883257696,-0.410275024362847,-0.000248521426453378,0.178740251601623
0.127103429133704,0.962583062212508,-0.298924223065361,-0.000331182015196645,0.170324767471158
0.148746979063479,0.975963162516664,-0.609453303323468,-0.000541882102855187,0.18026912420576
0.199175881637485,0.940133815802658,-0.747588713239423,-0.000449027768689608,0.19024782623415
0.170543944785193,0.964537121363353,-0.701993591245826,-0.00042790272629602,0.177621572827502
0.135798503046604,0.982740744708011,-0.51964379720616,-0.000495017953149696,0.190148741842924
0.149028637248409,0.969592619183887,-0.76165637690743,-0.000376143332788881,0.170607340758253
0.149969660812287,0.948090019706225,-0.438421636003973,-0.000258088697169489,0.174041472265606
0.0951295046805545,0.975401151506286,-0.103041519642466,-0.000277312755048105,0.175938623517898
0.154114642663262,0.972214256255794,-0.678728634926826,-0.000502912455524638,0.188749468882679
0.0802908035754566,0.984691608147419,-0.41505889808099,-0.000258938526105384,0.167600346322109
0.0718017053433201,0.988290032779334,0.0345769418176951,-0.000352262534764531,0.200437989415195
0.0928059783582574,0.98319112185703,-0.366799957500652,-0.000314592939951741,0.170097068598523
0.148561118943041,0.96286071273225,-0.773528956305876,-0.000328600932131493,0.18279700657202
0.0978537088233055,0.986227959517702,-0.63250084293084,-0.000286812349185707,0.181171218787787
0.11100680412005,0.979464168888233,-0.569737036458816,-0.000458371065611347,0.182204605014023
0.114492980710434,0.987711812505534,-0.852235174630019,-0.00045688101536935,0.178456751595094
0.103539538298831,0.987615320614912,-0.647357187780641,-0.00034322026244172,0.18454724605014
0.203423577375961,0.956200414665226,-0.499314032918918,-0.000549261200345326,0.20003105641924
0.104049424296221,0.969054956305942,-0.0186094261944618,-0.000267330137367774,0.170939249849955
0.127976689499742,0.978298898047999,-0.486686841575415,-0.000360230227914973,0.172732344897987
0.154191843068567,0.959706242001301,-0.35732855836601,-0.000367909179475215,0.188021856582996
0.122944397352864,0.957633977531046,-0.165641618600401,-0.000245146759697873,0.180436468885799
0.112114811373861,0.968680949654801,-0.319331513570764,-0.000289793170724768,0.180340626757183
0.139513314558874,0.964161594262133,-0.339051310841342,-0.000323871675585416,0.192199205906592
0.151467651300679,0.95904411554305,-0.148715398706851,-0.000466058214621813,0.187337328286476
0.13446637969197,0.987203148140733,-0.245642190351876,-0.000667578350057182,0.185736703513492
0.134771146720125,0.976109691665395,-0.590776285812313,-0.000381458300550344,0.170989070120005
0.114492108591041,0.965949437623591,-0.489762648421538,-0.000293702726038785,0.168838729475832
0.0832736183292217,0.988870266411349,-0.545663670899261,-0.000340012878425095,0.188122310785683
0.144165891390241,0.961596912584551,-0.408410340928819,-0.000353091868411847,0.178826465985666
0.0882196628741883,0.984871142210945,-0.0749746538258385,-0.000320465117033222,0.184970813343744
0.0891887055667052,0.966514435502241,-0.011359431987282,-0.000198615554067362,0.188860777258836
0.0681210686342253,0.986130177948459,-0.0258231949646773,-0.000190257105440595,0.182218312510286
0.145880541867729,0.954315207277892,-0.677596347670156,-0.000204115056288764,0.179117567377655
0.132430506299436,0.994207859935599,-0.978490203920504,-0.000416409449946451,0.174184796850933
0.101135918639931,0.975959058340448,-0.313825887343733,-0.000280840637682217,0.172801447666189
0.17167439055429,0.965242733136279,-0.850981438452553,-0.00037596456250593,0.186140273691523
0.0721558235910336,0.977063483054865,0.165254167702809,-0.00029409632197324,0.179523820365885
0.158908246139788,0.967276933487139,-0.707147028646754,-0.000431247097108149,0.178736558182995
0.16648098413094,0.964271377742538,-0.648243878898448,-0.000424921905398899,0.179986162922541
0.138479323876185,0.971272085438033,-0.522774858561665,-0.000409994853901815,0.159483941504209
0.0930332963746338,0.9762930887377,-0.303500611095369,-0.000303786748787004,0.176822611741701
0.127965515553517,0.973643610143423,-0.495109677237626,-0.000390868908871677,0.178610877830188
0.0858936305266519,0.989223641892772,-0.524321076065969,-0.000344778133820166,0.1814937526909
0.197553484902023,0.967915657720163,-1.23952053222455,-0.000417587023536885,0.187835795820499
0.184725616927933,0.947090956381027,-0.453377006395897,-0.000342738955851787,0.173934448981362
0.115663912068098,0.986411092672868,-0.364906839524544,-0.000457564990288016,0.171677051292781
0.109843202178423,0.972762152430029,-0.0308039645125315,-0.000413754565487656,0.186518321694568
0.0647570718738703,0.980252668240409,-0.19244756509843,-0.000176032557526119,0.185791979150522
0.147820390194991,0.959133529535426,-0.722194830641949,-0.000312397143854614,0.174860402626146
0.157102278281335,0.96069894210449,-0.807137433582282,-0.000365958300486116,0.189615425347387
0.14966037023333,0.961644051324737,-0.495129980624705,-0.00043171708525624,0.17651674278386
0.159616976581448,0.95951882834435,-0.407636343743044,-0.000410885846300705,0.182137525894652
0.0989916040065442,0.978257567376108,-0.0879150888080191,-0.000251758232298523,0.185289796530058
0.125017527445174,0.978773888137646,-0.385053715180851,-0.000395899053775736,0.169497927514942
0.140299588835202,0.960369943334711,-0.586941356335103,-0.000264238269686221,0.178965931120043
0.0990200021194615,0.964736373649203,0.124328329653474,-0.00027434873908686,0.183436645469916
0.117252862574512,0.965112555030798,-0.132976532972015,-0.00028005250458712,0.1775454581625
0.0682918002149343,1.00350670036983,-0.394691696619232,-0.000349297643470872,0.17484192968154
0.0948637848623314,0.964275087275002,-0.391655270439522,-8.50161644642151e-05,0.171744140948462
0.0671090649694482,0.993648382521539,0.0764244095218122,-0.000312058525166829,0.18323068439219
0.164371319058735,0.966497313086608,-0.699328621588549,-0.000397940624270176,0.178314171049021
0.215768543196444,0.959628525962247,-0.631094442354805,-0.000624435339062878,0.186531961809733
0.162554309781746,0.962856999245955,-0.603476707233688,-0.000393687407494138,0.159128129921591
0.15980854551167,0.958814587226542,-0.429909211581244,-0.000387704977051633,0.172358962350989
0.132243861973942,0.973475219347885,-0.591173132894148,-0.000356156646761415,0.163716266308764
0.205832463627788,0.955053509767785,-0.884147979030769,-0.00048906844807948,0.174264685423544
0.110406261880437,0.977812113389622,-0.223008637871396,-0.000306534591114525,0.194047890163585
0.160203804228722,0.970424153326562,-0.704430722371203,-0.000415359205080971,0.166680914980338
0.168119063350926,0.9695084324585,-0.542427842627399,-0.00057288639272888,0.169458889221763
0.149084054024671,0.971459192965333,-0.469861730974229,-0.000552563366857086,0.170489331530802
0.132285164057422,0.971413604135289,-0.556208988521417,-0.000356038648104436,0.181793081886885
0.133775570419588,0.956753196455009,-0.381764529575597,-0.000311102822442331,0.179583988937062
0.18484567170814,0.957932969631106,-0.713107441514522,-0.000475405013158651,0.178576215023681
0.148349547428192,0.967362469264626,-0.123911101401623,-0.000433746305824807,0.182279604967926
0.214563240576969,0.967471813662724,-1.17486463013742,-0.000467824030445267,0.184559003276357
0.132133054441196,0.97778787597166,-0.0823715257814317,-0.000537659143744678,0.179218183411856
0.094550774679681,0.970340181739725,0.0992016536273134,-0.000356747973103885,0.193344649359787
0.0861835835908009,0.965980072819592,-0.241347063227006,-0.000113017544070264,0.189719968308058
0.124155622931469,0.973109420463614,-0.451260974227863,-0.000191944455045362,0.18135610777711
0.189905498019844,0.94916265490901,-0.791176883736007,-0.000285261632752569,0.189778568944015
0.195883666715608,0.939757786825108,-0.47252011543395,-0.000398227031783017,0.174943461240218
0.128890226243049,0.968327510912742,-0.223568616739654,-0.000303578903796597,0.179905101782239
0.13198438351117,0.978905758021279,-0.261827084553725,-0.000446666099756549,0.182816416694181
0.148879237796332,0.967352099275441,-0.998782796664664,-0.000310825852493366,0.1879797408361
0.183030415963029,0.937327518410544,-1.09189210171417,-9.17353651037581e-05,0.182349752247387
0.0875223832259758,0.982567269125963,-0.382068458044942,-0.000276891363667272,0.188786817786219
0.0639439355236095,0.969864579664633,0.0648557457864583,-0.000173146430606066,0.176546784507817
0.101898057055931,0.985387293682081,-0.36027449138285,-0.000379652047606336,0.188723961216772
0.12863108846035,0.965182169162674,-0.324471811259254,-0.000431543976350411,0.190424978850141
0.127210372334244,0.96752380993861,-0.370067148366391,-0.000264967987930301,0.181806196630487
0.188599031091077,0.961293679383245,-0.87036947441238,-0.000420613439964924,0.183337895649193
0.127885822487333,0.965232360033605,-0.345771963626349,-0.000366291904950173,0.183353332640807
0.107686344683446,0.973678867005415,-0.454988502698366,-0.000259279380275952,0.18552545244163
0.113741327904175,0.974907690308051,-0.17991536220316,-0.000399822309507943,0.184335889516608
0.149614532422972,0.959833256677641,-0.434823389504905,-0.000431484356890737,0.179841467192415
0.140157821545349,0.980722293722404,-0.627239562769337,-0.000488412117290453,0.173013037095708
0.136840684092774,0.970842249256723,-0.360916279922848,-0.000478537016731757,0.18104319657619
0.168809223809421,0.95876104774496,-0.217417296594506,-0.000501907927579164,0.184642275091215
0.115644129874513,0.983543005308958,-0.0732196158839857,-0.000602548278581003,0.181806217708576
0.152311280937003,0.966629647901561,-0.446029994210218,-0.000514842839134055,0.178095065274097
0.193076852071543,0.959967724083286,-1.07658797337604,-0.000389940831304286,0.178339407837934
0.0434741524390692,0.984095310245549,0.0796765407984126,-0.000155161789642777,0.173129251655987
0.0615213633661311,0.9976777814505,-0.359745047538003,-0.000325181275238297,0.178805856284741
0.112027357577472,0.977997425229024,-0.736719717300917,-0.000309891485469768,0.168545087697196
0.143916981950998,0.967265694466847,-0.207153975812906,-0.00034282140408185,0.191045759721434
0.106932879985249,0.980193474266539,-0.556148722370154,-0.00037003852907251,0.177295258580175
0.138749403838302,0.975282564010295,-0.267330497648391,-0.000529857925720545,0.177673914926091
0.110465285747869,0.973385404574049,-0.322835447535291,-0.000338234171701021,0.17601765687427
0.123949147961588,0.9730252919272,-0.422592523818347,-0.000244849922688958,0.168689795395352
0.0983214872999734,0.984175589293494,-0.363751998681422,-0.00036477696070612,0.179322850483505
0.149333498969021,0.966322915644723,-0.405327204323137,-0.000384117738853612,0.177716854874586
0.0973130121440511,0.960812705582022,-0.367996388310843,-0.000132203461991415,0.191084968213134
0.167607848657656,0.96316711115538,-0.96384331361955,-0.000394774378282493,0.176014115091843
0.152777713247872,0.96005475328247,-0.617467291581841,-0.000343073050417673,0.177247843948641
0.102699943820788,0.98236918640774,0.0364627859927961,-0.000454969456478107,0.180594409001171
0.207856246275166,0.956750544174736,-0.972832509551173,-0.000571864049154957,0.175416390920924
0.116744127781796,0.983240980968983,-0.248603758123455,-0.000463141632120233,0.18346676509155
0.0515728100363531,0.987430855296134,0.266473039589447,-0.000233001066229369,0.184209522240505
0.135622969528705,0.972139763559969,-0.175337663207071,-0.000470934453311702,0.177737955392673
0.205631811452201,0.954918690749202,-1.18580810588457,-0.000412112751814862,0.189084112644994
0.209674758697819,0.943947643144617,-0.812680803338155,-0.000452691733213765,0.179462805798524
0.183575241618351,0.966063463031801,-0.844916508541849,-0.000588206434844182,0.17893704228045
0.22219245994659,0.949090108025693,-0.503203661007338,-0.000563568395897205,0.177896830318281
0.171855047257991,0.959838691615236,-0.990508791657615,-0.000416523387487684,0.181391606693855
0.114842474833635,0.967952821388577,-0.17703090028712,-0.000237869201025116,0.174713100225842
0.131347623339333,0.967328243636529,-0.427864898741726,-0.000296124106492957,0.179447193473951
0.130787961115384,0.961290575751704,-0.573277125467777,-0.000300266418027966,0.18826341821844
0.140209602380067,0.9567050846309,-0.521068304136395,-0.000274720010156808,0.177969701850536
0.125496118208958,0.969769248358105,-0.799726391496033,-0.000314241018037677,0.184870246117319
0.160391304857488,0.987791129958908,-0.569444983509802,-0.000673951689680476,0.184507466621192
0.0808506779473128,0.978185836731279,-0.322603134738365,-0.000131111679541548,0.172899115922805
0.151627090492311,0.969102011230622,-0.923085898484154,-0.000369051139321342,0.182296967472571
0.137904342131737,0.959939754611263,-0.779718059102968,-0.000208222967862633,0.173865779323301
0.126690517742475,0.962969507210518,-0.37619315795342,-0.000294643031034433,0.178003127343592
0.0615335495795568,0.993380692761792,-0.390595803657734,-0.000253483910777475,0.165445578123918
0.107527198411733,0.977309747430592,-0.431778186196415,-0.000314966286906411,0.178085895561439
0.103445191225254,0.967046572789816,-0.208434745069669,-0.000301358309635393,0.184510566428183
0.114923406110629,0.966645697241182,-0.370524455386189,-0.000302160241262271,0.180248393275867
0.124095374965122,0.960573118404125,-0.221059194392061,-0.000355279905124884,0.173591612068239
0.141014466630117,0.960203665900846,-0.77810718928072,-0.000325149672854868,0.167178958876765
0.144109780289093,0.968814758822315,-0.699590727669434,-0.000388539536156308,0.178248091392344
0.0701227864003038,0.9878445484476,-0.309349747295084,-0.000318358128604445,0.179605629395818
0.125682313095209,0.958912310369849,-0.333585902557237,-0.000350577548795653,0.174392795585727
0.135714193733768,0.968620328324481,0.235517291913637,-0.000587821950672071,0.185683405729444
0.123172550611099,0.98311760380831,-0.294316795152052,-0.000548220606970812,0.19496201233425
0.138969572486906,0.963196830606306,-0.470714178678842,-0.000316950917297015,0.17652107136729
0.13720157273145,0.973568410520182,-0.774057709514252,-0.000408781687032469,0.182891998543544
0.178460328419476,0.957441698504061,-0.564157889071712,-0.000475228955513877,0.192449871906351
0.0738066199800215,0.990728369470107,-0.300185249286435,-0.000343048987089177,0.18073376042893
0.132916403301725,0.979051216819549,-0.131239222106524,-0.000576389743970884,0.18479490076414
0.0968467240774887,0.980619104113252,0.0765964278632335,-0.000458942060874404,0.185716821919172
0.163457600689319,0.943590365378287,-0.471240620496179,-0.000328041677565375,0.185427895609088
0.0841988340662559,0.977576885547291,-0.269629986807011,-0.000257656225874806,0.185830112834701
0.136557718568952,0.963093895220849,-0.270630586708193,-0.000408852299744589,0.178206781316704
0.0545767539850729,0.989230134782493,0.200722701558891,-0.000301826215372021,0.174751424578979
0.151076338757991,0.970109708565207,-0.399546765148189,-0.000502381790879153,0.180922968211864
0.175855780592486,0.950014285897614,-0.849321148592709,-0.000278544085502135,0.175254427876283
0.122091148462814,0.973267154882004,-0.22555427464748,-0.000398498050169737,0.17864377949425
0.10241378644328,0.967040140259362,-0.127477148058852,-0.000279101691044908,0.186333472377064
0.150071507247283,0.962154737977656,-1.09769060396701,-0.000290494355833318,0.183432760180406
0.136091622002263,0.945883620688286,-0.751551307639113,-2.53670084942848e-05,0.193023734288234
0.135392805093022,0.962465726504133,-0.618338409044984,-0.000358635283305241,0.169206434702374
0.108818342022744,0.975710348579547,-0.515382015903447,-0.000320945960906909,0.176830543943472
0.189350722582766,0.950205951605703,-0.631936572078557,-0.000401223250267166,0.191911467892305
0.131505602640135,0.966793340049032,-0.542712791478205,-0.000325303499403592,0.186600087976474
0.131465946628082,0.974126021232508,-0.706923549204793,-0.000432737323128747,0.176729242004097
0.122343512466231,0.977470092691548,-0.340413314279897,-0.000403120167735928,0.180952504436743
0.164112827721114,0.952468961775251,-0.400245312396327,-0.000275244532436595,0.185952712693414
0.149314882898437,0.956107984725937,-0.862787203982266,-0.000188763306267896,0.191281495968859
0.129525031008386,0.969298468999032,-0.458246004868559,-0.00038101935329696,0.183366975988514
0.172765524820555,0.94569209963384,-0.447632642541792,-0.00039290027523887,0.172454100836567
0.119940280645733,0.966344073493523,-0.574632210933997,-0.000262550182651817,0.174718103616879
0.162238558109247,0.959656841789816,-0.323531095907481,-0.000408737177582594,0.185761957115355
0.126123759688246,0.978520121447263,-0.492980753495039,-0.000277443595454838,0.176123761076418
0.174012006041072,0.975192376743586,-0.858342723474849,-0.000565097661375185,0.191536111989716
0.115296652507076,0.97463265187653,-0.428606387602497,-0.000434390024580005,0.194619282328806
0.178120807644546,0.96125771556971,-0.730740403581495,-0.000429427993008245,0.196982033830208
0.149861547323717,0.953117469397699,-0.460628409443773,-0.000345925305644549,0.180735404388204
0.104131174611999,0.98207874387046,-0.54858773631683,-0.000276871140551146,0.181146371833211
0.102289945935602,0.985607206956893,-0.927870870436474,-0.000355963180273976,0.18566103082658
0.166963885052753,0.954882856947179,-0.948915351259299,-0.000356474029261481,0.171855818452562
0.106348130673108,0.966056866656494,-0.278224562351931,-0.000199216242820504,0.17835367018033
0.177755468469567,0.947517816261152,-0.313894168720302,-0.000337498567003671,0.196919037239542
0.102824203584063,0.9655011029553,-0.512591957853954,-0.000144541246656237,0.171518678457239
0.106062928817128,0.957596171036266,-0.0898876803968249,-7.83094659677611e-05,0.172633108872512
0.191507630571896,0.95325431515065,-0.493627345578718,-0.00047513060576712,0.188915218019599
0.163979792631051,0.968039147674341,-0.781861642317757,-0.000338620538546196,0.179005826189858
0.106841279258422,0.975996457382406,-0.954410052349174,-0.000251992646780239,0.17696638950256
0.103104924378003,0.989305641216169,-0.106123495381334,-0.000527076822101689,0.183677514836243
0.0496942284531544,0.998772837134095,0.0118180607941793,-0.000412304209155016,0.180461082128903
0.132879746970182,0.986173054469588,-0.918001627062319,-0.000396193496217082,0.187620447769253
0.160141361874972,0.95395722444501,-0.677292300035937,-0.000369882758543074,0.175991133049027
0.179438202207638,0.962536787614724,-0.574696163443585,-0.000559543365644545,0.184565903601362
0.140602921914701,0.959026107900287,-0.844318959726882,-0.000115970446011693,0.191077139334157
0.156500999178569,0.972207857241389,-0.425814305871431,-0.00050024446580164,0.165858939658845
0.102236808877069,0.968235370740126,-0.608573846800941,-0.000279349968434629,0.176365477873636
0.126435339182286,0.976756784271855,-0.575492579193258,-0.00036764997301792,0.172370663193711
0.195470868049961,0.947585058111116,-1.26105807543603,-0.000254625397209153,0.180561914396785
0.109090520988196,0.961952033808503,-0.612270594230958,-0.000160817343561192,0.181851672609439
0.157609164646111,0.960841438525896,-0.548436626435922,-0.000330278831312348,0.177734345446899
0.101342287808349,0.980972888433707,-0.0338729513042607,-0.000420726165659042,0.19093190558494
0.156391591284844,0.964995566815214,-0.523479159112877,-0.000327949602994965,0.187878835482377
0.15145951597572,0.958258914564231,-0.372857972998428,-0.00026738447734438,0.182833683610422
0.171734423419457,0.949921999966135,-0.713177671576316,-0.000382069922075426,0.17825208627782
0.0849707667435392,0.963588081600532,-0.143983946951505,-0.000140444122772735,0.177329236049329
0.13002706305017,0.96899802971741,-0.527443447067806,-0.000362463577641197,0.185601948004123
0.173125909381061,0.969849946889133,-0.843838024937985,-0.000453792286759941,0.185357791221422
0.127969052746601,0.960077171011959,-0.448403109472603,-0.000287702468957676,0.180090384911087
0.176789630805821,0.950315341774931,-0.857354304108464,-0.000243445454664246,0.174111309546302
0.158449728337439,0.976063836716983,-0.828089803161255,-0.000456078532102197,0.182555601252533
0.14329498051179,0.958810837972704,-0.548146838456052,-0.000229697505432795,0.182200895779558
0.126730127052635,0.961958991122106,0.00575486073170542,-0.000332403226619647,0.178876061747297
0.105074513996841,0.982633964099862,-0.112385185894237,-0.000528361008855938,0.177623790003777
0.113329423975742,0.973557590264683,-0.443621742797221,-0.000303967279517221,0.172282577796714
0.154962834895976,0.971765219621783,-0.360099210362734,-0.000507114451855492,0.189670871698668
0.104183733292083,0.986948677259179,-0.394399721767137,-0.000394647935177027,0.183529611098709
0.159323710546385,0.94863828722082,-0.793353165507814,-0.000241812581059648,0.177444700346117
0.130824224660648,0.959114247900163,-0.162354926458531,-0.000289683175479472,0.175923422734037
0.0837514731430386,0.984581718138606,0.0317314492776272,-0.000377660089398128,0.19415691773865
0.210094144548818,0.951546394313759,-0.856990350042744,-0.000408057131764005,0.17361913068045
0.136943457841129,0.97026372597706,-0.582788494168694,-0.000367949345827062,0.180874427623787
0.134900353085607,0.95718067205236,-0.551109326456539,-0.000186535800446913,0.175333999019265
0.173702856869198,0.943934857355015,-0.385980797251515,-0.000262313801833424,0.175969313713684
0.168575072262634,0.965731038653595,-1.019743287523,-0.000373062412905996,0.179903086552095
0.0778446819556408,1.00243764825092,-0.391415536026306,-0.000444355477236483,0.185511141498095
0.0921667212475654,0.976589175324864,-0.305061911868059,-0.000266680575775727,0.179164587250654
0.15274259910099,0.952372730908166,-1.03953346503718,-0.000116627691245111,0.180469721476848
0.147680847961963,0.958863784851652,-0.423017403764362,-0.00038435361662586,0.187032917338188
0.235388002810983,0.942011803462741,-1.18194575802492,-0.000415188848219889,0.180733157024717
0.115990457341413,0.966937639992761,-0.166596034180735,-0.000343559632311851,0.163683683339854
0.128492981131684,0.97032974370135,-0.684531731615671,-0.000386877662461232,0.183525441475173
0.135182498143256,0.975000749485793,-0.280320129437249,-0.000478172739626652,0.179410189746256
0.125085075590298,0.955514896274746,-0.0990331407140467,-0.00029701487624971,0.178821044251837
0.0684416527167562,0.989724651925997,-0.217258236026903,-0.000278266071764583,0.179276495431153
0.115816035005654,0.963071078849953,-0.422817459605235,-0.00026492994764087,0.172741961296821
0.134608736359143,0.964957792653557,-0.357490083996249,-0.000241505650875802,0.181673893025487
0.10296538207392,0.990001792257991,-0.501609584988333,-0.000426856166928056,0.184402230627542
0.120740961525693,0.979080430701632,-0.420679179180752,-0.000414300151625127,0.182683181543079
0.129385453063286,0.967224147917289,-0.73869268010008,-0.000205189356007831,0.169278928602746
0.0889152211487703,0.988456868343986,-0.459601988152244,-0.000271428257923372,0.173632070218321
0.0600347304330837,0.985157824654994,-0.25159592819277,-0.000238050683602632,0.182802401111206
0.178428647718286,0.951449760655889,-0.534598494272596,-0.000403788878128744,0.185030705454216
0.131028545464656,0.971414164443606,-0.32566374789978,-0.000470041999572002,0.177809330431538
0.11001082255717,0.999854614940314,-0.197696465594272,-0.000636395155357771,0.180657714843939
0.104535470803302,0.973178944733945,-0.482172028112573,-0.000301923318330905,0.177197385296416
0.0925464786392774,0.977578384307516,0.17403098553258,-0.000355072528242273,0.175575911342579
0.16016487414664,0.965706711754778,-0.388259251551126,-0.000457119633113304,0.17597420735674
0.177107580584765,0.948038052027045,-0.605340679189364,-0.000285565088357116,0.200737479233882
0.104443228295926,0.967065216538017,-0.358013339247468,-0.00028434374708714,0.177890317924946
0.110559581014282,0.960949696929976,-0.106750019472813,-0.000330957123294723,0.184837652167317
0.135239183392511,0.958481119729505,-0.693055877393195,-0.000248580676823566,0.188627653365417
0.143168598909337,0.956800064002536,-0.58621328739912,-0.000230425269266505,0.183253046818299
0.0434741524390692,0.984095310245549,0.0796765407984126,-0.000155161789642777,0.173129251655987
0.15564290052169,0.953213665748707,-0.394111971949243,-0.000366036048554484,0.190448300072527
0.122850541241248,0.974923594865026,-0.346242904604864,-0.000357181983984292,0.174513883698143
0.108988680761029,0.961977990720477,-0.0525998750248541,-0.000239187860353107,0.181099908180958
0.130707293799605,0.966404084583189,-0.327796745797266,-0.000435225001300857,0.187774051540318
0.107987597701396,0.969310073417145,-0.249097933978685,-0.000228573793568468,0.177987143780391
0.264503584484692,0.930611095668121,-1.2488713978694,-0.000442845884917552,0.186799825829586
0.153169832452439,0.967330342903355,-0.891081023890269,-0.000395939502288672,0.181638812479512
0.154947469890763,0.967735163352228,-0.606051336639183,-0.000431156474468467,0.180947157422244
0.156273223724246,0.967909544792663,-0.656823207197435,-0.000502140982563199,0.176456158698849
0.113575272720217,0.971275812748103,-0.0563353758258414,-0.000329456693174681,0.178333274903849
0.0638115882334052,0.98815799149278,-0.324716101310904,-0.000279438606514027,0.189370354889293
0.104891830497636,0.971886608994228,-0.419383390500076,-0.000321234696002718,0.177196917087737
0.11247667746853,0.970096135337144,-0.0175775818415743,-0.000329464783397897,0.177870799563696
0.153706247481349,0.980405142451803,-0.955691939109306,-0.000466444554645385,0.169708682882847
0.0582781724835639,0.969268052301607,-0.193057838102574,-5.62045302066282e-05,0.184745940504748
0.2050560555836,0.949959082536621,-0.71295598619124,-0.000470212822511036,0.187105977114925
0.142844721519019,0.959615054201955,-0.228551861985807,-0.000385355262126836,0.183806348148537
0.108262900754728,0.954545777069456,-0.549323167115274,-0.000154874072388094,0.1933114939542
0.139626623260294,0.967870997437084,-0.557167236208535,-0.000375922129820578,0.177707360117395
0.140364172154896,0.96970197876791,-0.871210433607109,-0.000361532980053475,0.184532706256229
0.174818571274109,0.960137115620017,-0.488126301018347,-0.000566747179430932,0.166529522657831
0.127815671333436,0.972289652005822,-0.407793698996105,-0.000404038124145972,0.177536613183342
0.099136008505025,0.987807847651394,-0.417415828637169,-0.00036067679677129,0.182428337334856
0.145506307634055,0.977166486376269,-0.497467636822899,-0.000429173194777819,0.175918768214122
0.0732938524467994,0.981831459194077,-0.164114089505711,-0.000263702699769143,0.168820533651577
0.174338378890788,0.955675826566083,-0.345707025515911,-0.000529949758069243,0.177052304428907
0.149333498969021,0.966322915644723,-0.405327204323137,-0.000384117738853612,0.177716854874586
0.13706527703788,0.97131795745921,-0.286999153912284,-0.000358394110876909,0.180492124523321
0.174012006041072,0.975192376743586,-0.858342723474849,-0.000565097661375185,0.191536111989716
0.15749333081356,0.946062987767368,0.031364141688021,-0.000344429794388234,0.182337057777173
0.179506878117212,0.947358250785554,-0.469046382594014,-0.000353166489794111,0.188857287698786
0.136705246563256,0.959605544083547,-0.600305137027536,-0.000379217434508258,0.177626296285242
0.200316243154089,0.955092987559694,-0.976600569473165,-0.000481352793000551,0.194127747524389
0.101554607661237,0.973013480318837,-0.594576328355871,-0.000201098037659553,0.170746354226417
0.132924097904837,0.968639037149115,-0.196533914769351,-0.000380411067986381,0.162440219202844
0.106392973053183,0.984915024115363,-0.1376771982925,-0.000435061803512363,0.171249438955868
0.195470868049961,0.947585058111116,-1.26105807543603,-0.000254625397209153,0.180561914396785
0.132575118927022,0.977871157311976,-0.394132017838639,-0.000416499781874253,0.179762669095553
0.14951412661471,0.966623063903117,-1.09646453496502,-0.000258524592247961,0.180211729371952
0.134797656765512,0.982852732571041,-0.534055113741733,-0.000476187108581708,0.188509505266606
0.139214642250905,0.979601133167183,-0.822702457778002,-0.000430754129240727,0.175357386715626
0.225823949886743,0.950349741311091,-0.984377057360128,-0.000662968284907013,0.187285392900833
0.13002706305017,0.96899802971741,-0.527443447067806,-0.000362463577641197,0.185601948004123
0.200366234031397,0.954339348732081,-1.04141416698165,-0.000459807591113226,0.176564810671737
0.102271735817377,0.970289784890678,-0.294468355239745,-0.000206561745002904,0.184408187914718
0.185374429168827,0.95504232874622,-0.556178619432607,-0.000500462663078527,0.178851461182434
0.153030421031894,0.961790014187684,-0.464292947697709,-0.000391747072837754,0.182044420308159
0.163233267059611,0.964135752075004,-0.691677416042302,-0.000422502666827931,0.185319571038586
0.166399254826529,0.948111559287379,-0.65753993730559,-0.000203566124469013,0.188204219387444
0.133608234558585,0.967964591358358,-0.627147282636089,-0.0003070716892297,0.168755699806161
0.213336391788117,0.932250278921899,-1.09088164547166,-0.000306561460980898,0.18153095867988
0.104774498968115,0.966516252178134,-0.63081411228891,-0.000115499236095128,0.176858423583959
0.122604890207239,0.984928171423138,-0.675030224062266,-0.000564001400639013,0.184589685055401
0.103708744479442,0.974584046801975,-0.391127885326345,-0.000369496658398651,0.178619151321141
0.072204851816642,0.980396019264557,-0.372172095760827,-0.000131509499748674,0.178054353726642
0.120688148882715,0.970475034488146,-0.285566182801825,-0.000441102501721271,0.181790285194563
0.161366044360592,0.960829554766588,-0.409544695293553,-0.000491209390532529,0.177192302826814
0.14904333606482,0.972396005307457,-0.875673940547413,-0.000361160099172798,0.178353853372882
0.0966529221117521,0.971235118914172,0.0412369983786504,-0.000233874509386555,0.177081712117305
0.181131608069584,0.942916674002996,-0.509950159450879,-0.000386828734078829,0.175920342719959
0.139546891078446,0.966072322390617,-0.718722777346694,-0.000255548673430126,0.187427237588537
0.160158805015206,0.978953855970811,-0.549315064194046,-0.000552127407981953,0.176846010174763
0.145844759107247,0.965430847336057,-0.657195458114038,-0.000331218115149557,0.174214382252211
0.137575718036686,0.967593236919696,-0.620673771916206,-0.000449414274261805,0.185710375091944
0.184765127706203,0.96206095968754,-0.679548454018723,-0.000486235200411655,0.174060125091409
0.123162319797951,0.961265917537461,-0.178276883691439,-0.000283503458504139,0.171892703875378
0.166015280824481,0.956333787820439,-0.529521966264556,-0.000492892841522602,0.177228208657466
0.116351214026244,0.974057803996537,-0.0547937357809246,-0.000367669122766353,0.17036031864795
0.112765261540558,0.987523078310837,-0.700243275992533,-0.000321359862553426,0.188490785103193
0.160532740184827,0.960528213566439,-0.645707599070316,-0.000338724231553095,0.192074811305453
0.132979146304328,0.969511254346412,-0.158011418072933,-0.000472675275008805,0.195584537778139
0.126840067967579,0.979824599009697,-0.623445028309978,-0.000368033317086502,0.182851895243805
0.13002706305017,0.96899802971741,-0.527443447067806,-0.000362463577641197,0.185601948004123
0.165080170043498,0.949304575670757,-0.711705973491002,-0.000280119213008491,0.175801179271941
0.151780884963915,0.967769638192379,-0.46309371816859,-0.000505588815194008,0.172497465148621
0.0576728510718664,0.993254814665867,-0.367142807200788,-0.000179881494612783,0.183568732102341
0.191382956900487,0.956518275327293,-0.390619308264592,-0.00056158511713108,0.182321636143571
0.163212227335246,0.977578420887432,-0.96241139043478,-0.00041810107564458,0.178648019676485
0.148513932578562,0.946411938857835,-0.552071164655154,-0.000128102885329052,0.188712574752835
0.119168560452634,0.977212573756018,-0.385411133728433,-0.000370461365213782,0.178325816258316
0.112022881423184,0.981254057554891,-0.612623536459546,-0.000338095013310444,0.184666551147145
0.146218101565528,0.958797792479314,-0.536904509987086,-0.000211585481745212,0.178046767448738
0.142739758852934,0.967255841341854,-0.700978296675818,-0.000297956441443307,0.180782989193159
0.168420771296898,0.957523383581455,-0.790664147750247,-0.000428705081576911,0.180968858577375
