"V1","V2","V3","V4","V5","V6"
1.92709798788198,0.881382845097268,0.658308404110869,-1.61646119750486,-0.000931528687484931,0.409105967771019
2.01472309922318,0.881382845097268,0.658308404110869,-1.61646119750486,-0.000931528687484931,0.409105967771019
1.93633801068946,0.881382845097268,0.658308404110869,-1.61646119750486,-0.000931528687484931,0.409105967771019
2.00495536444148,0.881382845097268,0.658308404110869,-1.61646119750486,-0.000931528687484931,0.409105967771019
2.23051254266993,0.881382845097268,0.658308404110869,-1.61646119750486,-0.000931528687484931,0.409105967771019
1.97575800317578,0.881382845097268,0.658308404110869,-1.61646119750486,-0.000931528687484931,0.409105967771019
1.93823125910281,0.881382845097268,0.658308404110869,-1.61646119750486,-0.000931528687484931,0.409105967771019
1.92621197271953,0.881382845097268,0.658308404110869,-1.61646119750486,-0.000931528687484931,0.409105967771019
2.15563932074654,0.881382845097268,0.658308404110869,-1.61646119750486,-0.000931528687484931,0.409105967771019
2.05108788323603,0.881382845097268,0.658308404110869,-1.61646119750486,-0.000931528687484931,0.409105967771019
1.83474585944727,0.881382845097268,0.658308404110869,-1.61646119750486,-0.000931528687484931,0.409105967771019
2.04904180505181,0.881382845097268,0.658308404110869,-1.61646119750486,-0.000931528687484931,0.409105967771019
2.23297687587134,0.881382845097268,0.658308404110869,-1.61646119750486,-0.000931528687484931,0.409105967771019
2.06580232529707,0.881382845097268,0.658308404110869,-1.61646119750486,-0.000931528687484931,0.409105967771019
1.81251326365025,0.881382845097268,0.658308404110869,-1.61646119750486,-0.000931528687484931,0.409105967771019
1.91331229999583,0.881382845097268,0.658308404110869,-1.61646119750486,-0.000931528687484931,0.409105967771019
1.74424581687064,0.881382845097268,0.658308404110869,-1.61646119750486,-0.000931528687484931,0.409105967771019
2.08693458516512,0.881382845097268,0.658308404110869,-1.61646119750486,-0.000931528687484931,0.409105967771019
1.76299065510715,0.881382845097268,0.658308404110869,-1.61646119750486,-0.000931528687484931,0.409105967771019
2.05413505090286,0.881382845097268,0.658308404110869,-1.61646119750486,-0.000931528687484931,0.409105967771019
2.0756981321905,0.881382845097268,0.658308404110869,-1.61646119750486,-0.000931528687484931,0.409105967771019
2.41624624320024,0.881382845097268,0.658308404110869,-1.61646119750486,-0.000931528687484931,0.409105967771019
2.09411761103446,0.881382845097268,0.658308404110869,-1.61646119750486,-0.000931528687484931,0.409105967771019
1.76984416239361,0.881382845097268,0.658308404110869,-1.61646119750486,-0.000931528687484931,0.409105967771019
2.23914793671405,0.881382845097268,0.658308404110869,-1.61646119750486,-0.000931528687484931,0.409105967771019
2.02444760857954,0.881382845097268,0.658308404110869,-1.61646119750486,-0.000931528687484931,0.409105967771019
1.70953903770014,0.881382845097268,0.658308404110869,-1.61646119750486,-0.000931528687484931,0.409105967771019
2.20430170949128,0.881382845097268,0.658308404110869,-1.61646119750486,-0.000931528687484931,0.409105967771019
1.92853212062212,0.881382845097268,0.658308404110869,-1.61646119750486,-0.000931528687484931,0.409105967771019
1.94588931533165,0.881382845097268,0.658308404110869,-1.61646119750486,-0.000931528687484931,0.409105967771019
1.97078125165892,0.881382845097268,0.658308404110869,-1.61646119750486,-0.000931528687484931,0.409105967771019
2.00671586404311,0.881382845097268,0.658308404110869,-1.61646119750486,-0.000931528687484931,0.409105967771019
1.90098160678392,0.881382845097268,0.658308404110869,-1.61646119750486,-0.000931528687484931,0.409105967771019
1.91795602607892,0.881382845097268,0.658308404110869,-1.61646119750486,-0.000931528687484931,0.409105967771019
2.188154383841,0.881382845097268,0.658308404110869,-1.61646119750486,-0.000931528687484931,0.409105967771019
1.89406341955032,0.881382845097268,0.658308404110869,-1.61646119750486,-0.000931528687484931,0.409105967771019
2.01749584833981,0.881382845097268,0.658308404110869,-1.61646119750486,-0.000931528687484931,0.409105967771019
2.30498366868474,0.881382845097268,0.658308404110869,-1.61646119750486,-0.000931528687484931,0.409105967771019
2.00981614160911,0.881382845097268,0.658308404110869,-1.61646119750486,-0.000931528687484931,0.409105967771019
1.83598946999323,0.881382845097268,0.658308404110869,-1.61646119750486,-0.000931528687484931,0.409105967771019
1.96512758593087,0.881382845097268,0.658308404110869,-1.61646119750486,-0.000931528687484931,0.409105967771019
2.24324779903782,0.881382845097268,0.658308404110869,-1.61646119750486,-0.000931528687484931,0.409105967771019
2.11790546648213,0.881382845097268,0.658308404110869,-1.61646119750486,-0.000931528687484931,0.409105967771019
2.1852218403706,0.881382845097268,0.658308404110869,-1.61646119750486,-0.000931528687484931,0.409105967771019
2.19384375967035,0.881382845097268,0.658308404110869,-1.61646119750486,-0.000931528687484931,0.409105967771019
2.21373896370124,0.881382845097268,0.658308404110869,-1.61646119750486,-0.000931528687484931,0.409105967771019
1.95543327912674,0.881382845097268,0.658308404110869,-1.61646119750486,-0.000931528687484931,0.409105967771019
1.66127043109385,0.881382845097268,0.658308404110869,-1.61646119750486,-0.000931528687484931,0.409105967771019
1.87371922289943,0.881382845097268,0.658308404110869,-1.61646119750486,-0.000931528687484931,0.409105967771019
2.10015285394695,0.881382845097268,0.658308404110869,-1.61646119750486,-0.000931528687484931,0.409105967771019
2.21682062162749,0.881382845097268,0.658308404110869,-1.61646119750486,-0.000931528687484931,0.409105967771019
1.81851746412334,0.881382845097268,0.658308404110869,-1.61646119750486,-0.000931528687484931,0.409105967771019
2.38830901643902,0.881382845097268,0.658308404110869,-1.61646119750486,-0.000931528687484931,0.409105967771019
1.94132066168763,0.881382845097268,0.658308404110869,-1.61646119750486,-0.000931528687484931,0.409105967771019
2.15990420468326,0.881382845097268,0.658308404110869,-1.61646119750486,-0.000931528687484931,0.409105967771019
2.13718137818973,0.881382845097268,0.658308404110869,-1.61646119750486,-0.000931528687484931,0.409105967771019
2.16946952765327,0.881382845097268,0.658308404110869,-1.61646119750486,-0.000931528687484931,0.409105967771019
2.1383692905155,0.881382845097268,0.658308404110869,-1.61646119750486,-0.000931528687484931,0.409105967771019
2.2981201755388,0.881382845097268,0.658308404110869,-1.61646119750486,-0.000931528687484931,0.409105967771019
1.6538715857575,0.881382845097268,0.658308404110869,-1.61646119750486,-0.000931528687484931,0.409105967771019
1.99472277861824,0.881382845097268,0.658308404110869,-1.61646119750486,-0.000931528687484931,0.409105967771019
2.03648673486411,0.881382845097268,0.658308404110869,-1.61646119750486,-0.000931528687484931,0.409105967771019
1.72773509281777,0.881382845097268,0.658308404110869,-1.61646119750486,-0.000931528687484931,0.409105967771019
1.86851708544867,0.881382845097268,0.658308404110869,-1.61646119750486,-0.000931528687484931,0.409105967771019
2.15705452564435,0.881382845097268,0.658308404110869,-1.61646119750486,-0.000931528687484931,0.409105967771019
2.12039711128721,0.881382845097268,0.658308404110869,-1.61646119750486,-0.000931528687484931,0.409105967771019
2.0582988678395,0.881382845097268,0.658308404110869,-1.61646119750486,-0.000931528687484931,0.409105967771019
2.08062436036561,0.881382845097268,0.658308404110869,-1.61646119750486,-0.000931528687484931,0.409105967771019
2.00914824448232,0.881382845097268,0.658308404110869,-1.61646119750486,-0.000931528687484931,0.409105967771019
2.29036324728143,0.881382845097268,0.658308404110869,-1.61646119750486,-0.000931528687484931,0.409105967771019
1.75486662251973,0.881382845097268,0.658308404110869,-1.61646119750486,-0.000931528687484931,0.409105967771019
2.11512701638722,0.881382845097268,0.658308404110869,-1.61646119750486,-0.000931528687484931,0.409105967771019
1.89653968446016,0.881382845097268,0.658308404110869,-1.61646119750486,-0.000931528687484931,0.409105967771019
2.01222093062206,0.881382845097268,0.658308404110869,-1.61646119750486,-0.000931528687484931,0.409105967771019
1.95088662844875,0.881382845097268,0.658308404110869,-1.61646119750486,-0.000931528687484931,0.409105967771019
1.83693001770941,0.881382845097268,0.658308404110869,-1.61646119750486,-0.000931528687484931,0.409105967771019
2.07046240199998,0.881382845097268,0.658308404110869,-1.61646119750486,-0.000931528687484931,0.409105967771019
1.91501842149607,0.881382845097268,0.658308404110869,-1.61646119750486,-0.000931528687484931,0.409105967771019
2.0493591086076,0.881382845097268,0.658308404110869,-1.61646119750486,-0.000931528687484931,0.409105967771019
2.22435136068482,0.881382845097268,0.658308404110869,-1.61646119750486,-0.000931528687484931,0.409105967771019
1.98467913508507,0.881382845097268,0.658308404110869,-1.61646119750486,-0.000931528687484931,0.409105967771019
1.8905458188249,0.881382845097268,0.658308404110869,-1.61646119750486,-0.000931528687484931,0.409105967771019
1.88549485669669,0.881382845097268,0.658308404110869,-1.61646119750486,-0.000931528687484931,0.409105967771019
1.82647867964885,0.881382845097268,0.658308404110869,-1.61646119750486,-0.000931528687484931,0.409105967771019
2.00438273719452,0.881382845097268,0.658308404110869,-1.61646119750486,-0.000931528687484931,0.409105967771019
2.08107790923686,0.881382845097268,0.658308404110869,-1.61646119750486,-0.000931528687484931,0.409105967771019
1.78364030240571,0.881382845097268,0.658308404110869,-1.61646119750486,-0.000931528687484931,0.409105967771019
2.1786903099743,0.881382845097268,0.658308404110869,-1.61646119750486,-0.000931528687484931,0.409105967771019
1.95555767358123,0.881382845097268,0.658308404110869,-1.61646119750486,-0.000931528687484931,0.409105967771019
2.33395021669776,0.881382845097268,0.658308404110869,-1.61646119750486,-0.000931528687484931,0.409105967771019
1.71660709393489,0.881382845097268,0.658308404110869,-1.61646119750486,-0.000931528687484931,0.409105967771019
1.86319579514697,0.881382845097268,0.658308404110869,-1.61646119750486,-0.000931528687484931,0.409105967771019
2.0860040489405,0.881382845097268,0.658308404110869,-1.61646119750486,-0.000931528687484931,0.409105967771019
2.1350553391265,0.881382845097268,0.658308404110869,-1.61646119750486,-0.000931528687484931,0.409105967771019
1.99291221617623,0.881382845097268,0.658308404110869,-1.61646119750486,-0.000931528687484931,0.409105967771019
2.2306485563108,0.881382845097268,0.658308404110869,-1.61646119750486,-0.000931528687484931,0.409105967771019
1.90946286927709,0.881382845097268,0.658308404110869,-1.61646119750486,-0.000931528687484931,0.409105967771019
2.35902583257684,0.881382845097268,0.658308404110869,-1.61646119750486,-0.000931528687484931,0.409105967771019
1.98862201956153,0.881382845097268,0.658308404110869,-1.61646119750486,-0.000931528687484931,0.409105967771019
1.99790382941846,0.881382845097268,0.658308404110869,-1.61646119750486,-0.000931528687484931,0.409105967771019
2.12918992531941,0.881382845097268,0.658308404110869,-1.61646119750486,-0.000931528687484931,0.409105967771019
2.04066635969234,0.881382845097268,0.658308404110869,-1.61646119750486,-0.000931528687484931,0.409105967771019
2.0497960646251,0.881382845097268,0.658308404110869,-1.61646119750486,-0.000931528687484931,0.409105967771019
2.20370429975721,0.881382845097268,0.658308404110869,-1.61646119750486,-0.000931528687484931,0.409105967771019
1.80947974668418,0.881382845097268,0.658308404110869,-1.61646119750486,-0.000931528687484931,0.409105967771019
1.97917561240883,0.881382845097268,0.658308404110869,-1.61646119750486,-0.000931528687484931,0.409105967771019
1.64658500904583,0.881382845097268,0.658308404110869,-1.61646119750486,-0.000931528687484931,0.409105967771019
1.94608917965188,0.881382845097268,0.658308404110869,-1.61646119750486,-0.000931528687484931,0.409105967771019
2.3037730517932,0.881382845097268,0.658308404110869,-1.61646119750486,-0.000931528687484931,0.409105967771019
1.87349560172636,0.881382845097268,0.658308404110869,-1.61646119750486,-0.000931528687484931,0.409105967771019
1.94104430989907,0.881382845097268,0.658308404110869,-1.61646119750486,-0.000931528687484931,0.409105967771019
1.92658613332198,0.881382845097268,0.658308404110869,-1.61646119750486,-0.000931528687484931,0.409105967771019
2.27859902690981,0.881382845097268,0.658308404110869,-1.61646119750486,-0.000931528687484931,0.409105967771019
2.44382900303581,0.881382845097268,0.658308404110869,-1.61646119750486,-0.000931528687484931,0.409105967771019
1.79115347179231,0.881382845097268,0.658308404110869,-1.61646119750486,-0.000931528687484931,0.409105967771019
2.19600592959522,0.881382845097268,0.658308404110869,-1.61646119750486,-0.000931528687484931,0.409105967771019
1.80440605400262,0.881382845097268,0.658308404110869,-1.61646119750486,-0.000931528687484931,0.409105967771019
1.87119914565979,0.881382845097268,0.658308404110869,-1.61646119750486,-0.000931528687484931,0.409105967771019
1.89622761228809,0.881382845097268,0.658308404110869,-1.61646119750486,-0.000931528687484931,0.409105967771019
2.07978569733276,0.881382845097268,0.658308404110869,-1.61646119750486,-0.000931528687484931,0.409105967771019
1.51581512455101,0.881382845097268,0.658308404110869,-1.61646119750486,-0.000931528687484931,0.409105967771019
2.26386285915927,0.881382845097268,0.658308404110869,-1.61646119750486,-0.000931528687484931,0.409105967771019
2.12708788486359,0.881382845097268,0.658308404110869,-1.61646119750486,-0.000931528687484931,0.409105967771019
1.99608760359035,0.881382845097268,0.658308404110869,-1.61646119750486,-0.000931528687484931,0.409105967771019
2.07559191015509,0.881382845097268,0.658308404110869,-1.61646119750486,-0.000931528687484931,0.409105967771019
2.19972941952181,0.881382845097268,0.658308404110869,-1.61646119750486,-0.000931528687484931,0.409105967771019
2.17981339689353,0.881382845097268,0.658308404110869,-1.61646119750486,-0.000931528687484931,0.409105967771019
1.93990858551457,0.881382845097268,0.658308404110869,-1.61646119750486,-0.000931528687484931,0.409105967771019
2.0566944840079,0.881382845097268,0.658308404110869,-1.61646119750486,-0.000931528687484931,0.409105967771019
1.95725247191052,0.881382845097268,0.658308404110869,-1.61646119750486,-0.000931528687484931,0.409105967771019
1.92335377885322,0.881382845097268,0.658308404110869,-1.61646119750486,-0.000931528687484931,0.409105967771019
2.16769421260611,0.881382845097268,0.658308404110869,-1.61646119750486,-0.000931528687484931,0.409105967771019
1.84985036951931,0.881382845097268,0.658308404110869,-1.61646119750486,-0.000931528687484931,0.409105967771019
2.13768888262003,0.881382845097268,0.658308404110869,-1.61646119750486,-0.000931528687484931,0.409105967771019
1.79509863379176,0.881382845097268,0.658308404110869,-1.61646119750486,-0.000931528687484931,0.409105967771019
2.26229840588946,0.881382845097268,0.658308404110869,-1.61646119750486,-0.000931528687484931,0.409105967771019
2.02470831252106,0.881382845097268,0.658308404110869,-1.61646119750486,-0.000931528687484931,0.409105967771019
1.81223786318631,0.881382845097268,0.658308404110869,-1.61646119750486,-0.000931528687484931,0.409105967771019
1.71459670064788,0.881382845097268,0.658308404110869,-1.61646119750486,-0.000931528687484931,0.409105967771019
1.97551033272661,0.881382845097268,0.658308404110869,-1.61646119750486,-0.000931528687484931,0.409105967771019
2.18818373486464,0.881382845097268,0.658308404110869,-1.61646119750486,-0.000931528687484931,0.409105967771019
2.14098503350251,0.881382845097268,0.658308404110869,-1.61646119750486,-0.000931528687484931,0.409105967771019
2.08950845339257,0.881382845097268,0.658308404110869,-1.61646119750486,-0.000931528687484931,0.409105967771019
1.67578100307832,0.881382845097268,0.658308404110869,-1.61646119750486,-0.000931528687484931,0.409105967771019
2.4122306907863,0.881382845097268,0.658308404110869,-1.61646119750486,-0.000931528687484931,0.409105967771019
1.71651505645902,0.881382845097268,0.658308404110869,-1.61646119750486,-0.000931528687484931,0.409105967771019
2.24246754909937,0.881382845097268,0.658308404110869,-1.61646119750486,-0.000931528687484931,0.409105967771019
2.23077312783898,0.881382845097268,0.658308404110869,-1.61646119750486,-0.000931528687484931,0.409105967771019
2.16204101344774,0.881382845097268,0.658308404110869,-1.61646119750486,-0.000931528687484931,0.409105967771019
2.33289374318404,0.881382845097268,0.658308404110869,-1.61646119750486,-0.000931528687484931,0.409105967771019
2.29006121473672,0.881382845097268,0.658308404110869,-1.61646119750486,-0.000931528687484931,0.409105967771019
2.14237358896925,0.881382845097268,0.658308404110869,-1.61646119750486,-0.000931528687484931,0.409105967771019
1.83548706972032,0.881382845097268,0.658308404110869,-1.61646119750486,-0.000931528687484931,0.409105967771019
1.89085549271092,0.881382845097268,0.658308404110869,-1.61646119750486,-0.000931528687484931,0.409105967771019
1.8545536977307,0.881382845097268,0.658308404110869,-1.61646119750486,-0.000931528687484931,0.409105967771019
2.20455843214987,0.881382845097268,0.658308404110869,-1.61646119750486,-0.000931528687484931,0.409105967771019
2.06088609031566,0.881382845097268,0.658308404110869,-1.61646119750486,-0.000931528687484931,0.409105967771019
1.93096292276225,0.881382845097268,0.658308404110869,-1.61646119750486,-0.000931528687484931,0.409105967771019
2.09339084617516,0.881382845097268,0.658308404110869,-1.61646119750486,-0.000931528687484931,0.409105967771019
1.94014174405426,0.881382845097268,0.658308404110869,-1.61646119750486,-0.000931528687484931,0.409105967771019
1.75807233321933,0.881382845097268,0.658308404110869,-1.61646119750486,-0.000931528687484931,0.409105967771019
2.11426684178274,0.881382845097268,0.658308404110869,-1.61646119750486,-0.000931528687484931,0.409105967771019
1.97948714217457,0.881382845097268,0.658308404110869,-1.61646119750486,-0.000931528687484931,0.409105967771019
2.25790232481524,0.881382845097268,0.658308404110869,-1.61646119750486,-0.000931528687484931,0.409105967771019
1.78414933057703,0.881382845097268,0.658308404110869,-1.61646119750486,-0.000931528687484931,0.409105967771019
2.03044853831853,0.881382845097268,0.658308404110869,-1.61646119750486,-0.000931528687484931,0.409105967771019
2.37470644215565,0.881382845097268,0.658308404110869,-1.61646119750486,-0.000931528687484931,0.409105967771019
1.91909530989561,0.881382845097268,0.658308404110869,-1.61646119750486,-0.000931528687484931,0.409105967771019
1.91154005146663,0.881382845097268,0.658308404110869,-1.61646119750486,-0.000931528687484931,0.409105967771019
1.80364555945659,0.881382845097268,0.658308404110869,-1.61646119750486,-0.000931528687484931,0.409105967771019
2.46277584001379,0.881382845097268,0.658308404110869,-1.61646119750486,-0.000931528687484931,0.409105967771019
1.88683081027544,0.881382845097268,0.658308404110869,-1.61646119750486,-0.000931528687484931,0.409105967771019
1.79455449802095,0.881382845097268,0.658308404110869,-1.61646119750486,-0.000931528687484931,0.409105967771019
2.2099260057773,0.881382845097268,0.658308404110869,-1.61646119750486,-0.000931528687484931,0.409105967771019
2.26254272468245,0.881382845097268,0.658308404110869,-1.61646119750486,-0.000931528687484931,0.409105967771019
1.81273518552274,0.881382845097268,0.658308404110869,-1.61646119750486,-0.000931528687484931,0.409105967771019
1.87607470889662,0.881382845097268,0.658308404110869,-1.61646119750486,-0.000931528687484931,0.409105967771019
1.8422863021516,0.881382845097268,0.658308404110869,-1.61646119750486,-0.000931528687484931,0.409105967771019
2.03608638997639,0.881382845097268,0.658308404110869,-1.61646119750486,-0.000931528687484931,0.409105967771019
2.16529706723214,0.881382845097268,0.658308404110869,-1.61646119750486,-0.000931528687484931,0.409105967771019
1.9963408988429,0.881382845097268,0.658308404110869,-1.61646119750486,-0.000931528687484931,0.409105967771019
2.17426881062398,0.881382845097268,0.658308404110869,-1.61646119750486,-0.000931528687484931,0.409105967771019
2.02717124786591,0.881382845097268,0.658308404110869,-1.61646119750486,-0.000931528687484931,0.409105967771019
2.02039116024644,0.881382845097268,0.658308404110869,-1.61646119750486,-0.000931528687484931,0.409105967771019
1.9480981841868,0.881382845097268,0.658308404110869,-1.61646119750486,-0.000931528687484931,0.409105967771019
1.88291740397313,0.881382845097268,0.658308404110869,-1.61646119750486,-0.000931528687484931,0.409105967771019
2.04741016244311,0.881382845097268,0.658308404110869,-1.61646119750486,-0.000931528687484931,0.409105967771019
1.86367601338516,0.881382845097268,0.658308404110869,-1.61646119750486,-0.000931528687484931,0.409105967771019
1.87739380088263,0.881382845097268,0.658308404110869,-1.61646119750486,-0.000931528687484931,0.409105967771019
1.91534119633015,0.881382845097268,0.658308404110869,-1.61646119750486,-0.000931528687484931,0.409105967771019
2.50800919835128,0.881382845097268,0.658308404110869,-1.61646119750486,-0.000931528687484931,0.409105967771019
2.01694752627539,0.881382845097268,0.658308404110869,-1.61646119750486,-0.000931528687484931,0.409105967771019
2.18504567467103,0.881382845097268,0.658308404110869,-1.61646119750486,-0.000931528687484931,0.409105967771019
2.04910513880995,0.881382845097268,0.658308404110869,-1.61646119750486,-0.000931528687484931,0.409105967771019
1.9504168926265,0.881382845097268,0.658308404110869,-1.61646119750486,-0.000931528687484931,0.409105967771019
2.05323467821591,0.881382845097268,0.658308404110869,-1.61646119750486,-0.000931528687484931,0.409105967771019
2.02380214283919,0.881382845097268,0.658308404110869,-1.61646119750486,-0.000931528687484931,0.409105967771019
1.91078378933055,0.881382845097268,0.658308404110869,-1.61646119750486,-0.000931528687484931,0.409105967771019
1.78611190454663,0.881382845097268,0.658308404110869,-1.61646119750486,-0.000931528687484931,0.409105967771019
2.04488313718544,0.881382845097268,0.658308404110869,-1.61646119750486,-0.000931528687484931,0.409105967771019
1.89470079435635,0.881382845097268,0.658308404110869,-1.61646119750486,-0.000931528687484931,0.409105967771019
2.17353283313438,0.881382845097268,0.658308404110869,-1.61646119750486,-0.000931528687484931,0.409105967771019
1.93677842386312,0.881382845097268,0.658308404110869,-1.61646119750486,-0.000931528687484931,0.409105967771019
2.13335856705283,0.881382845097268,0.658308404110869,-1.61646119750486,-0.000931528687484931,0.409105967771019
2.1805325192589,0.881382845097268,0.658308404110869,-1.61646119750486,-0.000931528687484931,0.409105967771019
1.95714230666854,0.881382845097268,0.658308404110869,-1.61646119750486,-0.000931528687484931,0.409105967771019
2.19026398094071,0.881382845097268,0.658308404110869,-1.61646119750486,-0.000931528687484931,0.409105967771019
1.79369205954624,0.881382845097268,0.658308404110869,-1.61646119750486,-0.000931528687484931,0.409105967771019
2.03575527712537,0.881382845097268,0.658308404110869,-1.61646119750486,-0.000931528687484931,0.409105967771019
2.33525995269635,0.881382845097268,0.658308404110869,-1.61646119750486,-0.000931528687484931,0.409105967771019
2.23001802682836,0.881382845097268,0.658308404110869,-1.61646119750486,-0.000931528687484931,0.409105967771019
2.04398975852256,0.881382845097268,0.658308404110869,-1.61646119750486,-0.000931528687484931,0.409105967771019
2.27539475011084,0.881382845097268,0.658308404110869,-1.61646119750486,-0.000931528687484931,0.409105967771019
1.83895287021697,0.881382845097268,0.658308404110869,-1.61646119750486,-0.000931528687484931,0.409105967771019
2.0254300450514,0.881382845097268,0.658308404110869,-1.61646119750486,-0.000931528687484931,0.409105967771019
1.90447816108298,0.881382845097268,0.658308404110869,-1.61646119750486,-0.000931528687484931,0.409105967771019
2.05899451124877,0.881382845097268,0.658308404110869,-1.61646119750486,-0.000931528687484931,0.409105967771019
1.93791937140677,0.881382845097268,0.658308404110869,-1.61646119750486,-0.000931528687484931,0.409105967771019
2.39415670314725,0.881382845097268,0.658308404110869,-1.61646119750486,-0.000931528687484931,0.409105967771019
2.09789184626652,0.881382845097268,0.658308404110869,-1.61646119750486,-0.000931528687484931,0.409105967771019
1.72342120413078,0.881382845097268,0.658308404110869,-1.61646119750486,-0.000931528687484931,0.409105967771019
2.07973035105061,0.881382845097268,0.658308404110869,-1.61646119750486,-0.000931528687484931,0.409105967771019
1.74901477225452,0.881382845097268,0.658308404110869,-1.61646119750486,-0.000931528687484931,0.409105967771019
1.90423248384609,0.881382845097268,0.658308404110869,-1.61646119750486,-0.000931528687484931,0.409105967771019
2.241826762664,0.881382845097268,0.658308404110869,-1.61646119750486,-0.000931528687484931,0.409105967771019
1.90818384033033,0.881382845097268,0.658308404110869,-1.61646119750486,-0.000931528687484931,0.409105967771019
2.3920583054984,0.881382845097268,0.658308404110869,-1.61646119750486,-0.000931528687484931,0.409105967771019
2.28650869553541,0.881382845097268,0.658308404110869,-1.61646119750486,-0.000931528687484931,0.409105967771019
2.33482201905938,0.881382845097268,0.658308404110869,-1.61646119750486,-0.000931528687484931,0.409105967771019
2.021954720529,0.881382845097268,0.658308404110869,-1.61646119750486,-0.000931528687484931,0.409105967771019
1.82357752689792,0.881382845097268,0.658308404110869,-1.61646119750486,-0.000931528687484931,0.409105967771019
2.13048130487292,0.881382845097268,0.658308404110869,-1.61646119750486,-0.000931528687484931,0.409105967771019
1.62369805787397,0.881382845097268,0.658308404110869,-1.61646119750486,-0.000931528687484931,0.409105967771019
1.98166002806685,0.881382845097268,0.658308404110869,-1.61646119750486,-0.000931528687484931,0.409105967771019
2.13396901040145,0.881382845097268,0.658308404110869,-1.61646119750486,-0.000931528687484931,0.409105967771019
2.32959008595229,0.881382845097268,0.658308404110869,-1.61646119750486,-0.000931528687484931,0.409105967771019
2.19301547436653,0.881382845097268,0.658308404110869,-1.61646119750486,-0.000931528687484931,0.409105967771019
1.94717077380039,0.881382845097268,0.658308404110869,-1.61646119750486,-0.000931528687484931,0.409105967771019
2.21181398530862,0.881382845097268,0.658308404110869,-1.61646119750486,-0.000931528687484931,0.409105967771019
1.75468205933854,0.881382845097268,0.658308404110869,-1.61646119750486,-0.000931528687484931,0.409105967771019
1.65506679202366,0.881382845097268,0.658308404110869,-1.61646119750486,-0.000931528687484931,0.409105967771019
1.74001546425444,0.881382845097268,0.658308404110869,-1.61646119750486,-0.000931528687484931,0.409105967771019
2.06516674350655,0.881382845097268,0.658308404110869,-1.61646119750486,-0.000931528687484931,0.409105967771019
1.78273093459284,0.881382845097268,0.658308404110869,-1.61646119750486,-0.000931528687484931,0.409105967771019
2.09074498266342,0.881382845097268,0.658308404110869,-1.61646119750486,-0.000931528687484931,0.409105967771019
2.07166454165136,0.881382845097268,0.658308404110869,-1.61646119750486,-0.000931528687484931,0.409105967771019
2.3128490812128,0.881382845097268,0.658308404110869,-1.61646119750486,-0.000931528687484931,0.409105967771019
1.81212072093241,0.881382845097268,0.658308404110869,-1.61646119750486,-0.000931528687484931,0.409105967771019
2.26852811742757,0.881382845097268,0.658308404110869,-1.61646119750486,-0.000931528687484931,0.409105967771019
1.91360327460749,0.881382845097268,0.658308404110869,-1.61646119750486,-0.000931528687484931,0.409105967771019
2.63365289411423,0.881382845097268,0.658308404110869,-1.61646119750486,-0.000931528687484931,0.409105967771019
1.96272026705196,0.881382845097268,0.658308404110869,-1.61646119750486,-0.000931528687484931,0.409105967771019
1.797872117126,0.881382845097268,0.658308404110869,-1.61646119750486,-0.000931528687484931,0.409105967771019
1.88981131594299,0.881382845097268,0.658308404110869,-1.61646119750486,-0.000931528687484931,0.409105967771019
2.15969193339831,0.881382845097268,0.658308404110869,-1.61646119750486,-0.000931528687484931,0.409105967771019
2.03929704063672,0.881382845097268,0.658308404110869,-1.61646119750486,-0.000931528687484931,0.409105967771019
1.771230378265,0.881382845097268,0.658308404110869,-1.61646119750486,-0.000931528687484931,0.409105967771019
1.71800870816056,0.881382845097268,0.658308404110869,-1.61646119750486,-0.000931528687484931,0.409105967771019
1.86851359881781,0.881382845097268,0.658308404110869,-1.61646119750486,-0.000931528687484931,0.409105967771019
2.07166454165136,0.881382845097268,0.658308404110869,-1.61646119750486,-0.000931528687484931,0.409105967771019
1.95787545568711,0.881382845097268,0.658308404110869,-1.61646119750486,-0.000931528687484931,0.409105967771019
1.86467395131125,0.881382845097268,0.658308404110869,-1.61646119750486,-0.000931528687484931,0.409105967771019
2.13415648926663,0.881382845097268,0.658308404110869,-1.61646119750486,-0.000931528687484931,0.409105967771019
2.25895677051383,0.881382845097268,0.658308404110869,-1.61646119750486,-0.000931528687484931,0.409105967771019
2.04103161783538,0.881382845097268,0.658308404110869,-1.61646119750486,-0.000931528687484931,0.409105967771019
2.11554494342467,0.881382845097268,0.658308404110869,-1.61646119750486,-0.000931528687484931,0.409105967771019
1.90737149953731,0.881382845097268,0.658308404110869,-1.61646119750486,-0.000931528687484931,0.409105967771019
1.88685804815565,0.881382845097268,0.658308404110869,-1.61646119750486,-0.000931528687484931,0.409105967771019
2.09778006886591,0.881382845097268,0.658308404110869,-1.61646119750486,-0.000931528687484931,0.409105967771019
1.93487521401347,0.881382845097268,0.658308404110869,-1.61646119750486,-0.000931528687484931,0.409105967771019
1.97109113647801,0.881382845097268,0.658308404110869,-1.61646119750486,-0.000931528687484931,0.409105967771019
2.01394683240062,0.881382845097268,0.658308404110869,-1.61646119750486,-0.000931528687484931,0.409105967771019
2.04514025016635,0.881382845097268,0.658308404110869,-1.61646119750486,-0.000931528687484931,0.409105967771019
1.78310865299828,0.881382845097268,0.658308404110869,-1.61646119750486,-0.000931528687484931,0.409105967771019
2.07739212416625,0.881382845097268,0.658308404110869,-1.61646119750486,-0.000931528687484931,0.409105967771019
2.17131670406857,0.881382845097268,0.658308404110869,-1.61646119750486,-0.000931528687484931,0.409105967771019
2.26170219137757,0.881382845097268,0.658308404110869,-1.61646119750486,-0.000931528687484931,0.409105967771019
2.12603338130791,0.881382845097268,0.658308404110869,-1.61646119750486,-0.000931528687484931,0.409105967771019
1.90471289114749,0.881382845097268,0.658308404110869,-1.61646119750486,-0.000931528687484931,0.409105967771019
2.241826762664,0.881382845097268,0.658308404110869,-1.61646119750486,-0.000931528687484931,0.409105967771019
2.30688727883347,0.881382845097268,0.658308404110869,-1.61646119750486,-0.000931528687484931,0.409105967771019
2.01559945331861,0.881382845097268,0.658308404110869,-1.61646119750486,-0.000931528687484931,0.409105967771019
1.81210129833235,0.881382845097268,0.658308404110869,-1.61646119750486,-0.000931528687484931,0.409105967771019
2.05053780171158,0.881382845097268,0.658308404110869,-1.61646119750486,-0.000931528687484931,0.409105967771019
2.13224903540121,0.881382845097268,0.658308404110869,-1.61646119750486,-0.000931528687484931,0.409105967771019
2.06937839447695,0.881382845097268,0.658308404110869,-1.61646119750486,-0.000931528687484931,0.409105967771019
2.16770861249697,0.881382845097268,0.658308404110869,-1.61646119750486,-0.000931528687484931,0.409105967771019
2.05660080272286,0.881382845097268,0.658308404110869,-1.61646119750486,-0.000931528687484931,0.409105967771019
2.08301306652488,0.881382845097268,0.658308404110869,-1.61646119750486,-0.000931528687484931,0.409105967771019
1.90918555579591,0.881382845097268,0.658308404110869,-1.61646119750486,-0.000931528687484931,0.409105967771019
1.86365476608825,0.881382845097268,0.658308404110869,-1.61646119750486,-0.000931528687484931,0.409105967771019
1.96084415279643,0.881382845097268,0.658308404110869,-1.61646119750486,-0.000931528687484931,0.409105967771019
2.2515294075004,0.881382845097268,0.658308404110869,-1.61646119750486,-0.000931528687484931,0.409105967771019
2.2331285203626,0.881382845097268,0.658308404110869,-1.61646119750486,-0.000931528687484931,0.409105967771019
2.06095704284078,0.881382845097268,0.658308404110869,-1.61646119750486,-0.000931528687484931,0.409105967771019
2.17899726214963,0.881382845097268,0.658308404110869,-1.61646119750486,-0.000931528687484931,0.409105967771019
1.97480344507193,0.881382845097268,0.658308404110869,-1.61646119750486,-0.000931528687484931,0.409105967771019
1.7942934401435,0.881382845097268,0.658308404110869,-1.61646119750486,-0.000931528687484931,0.409105967771019
2.11350299911787,0.881382845097268,0.658308404110869,-1.61646119750486,-0.000931528687484931,0.409105967771019
2.08897981369153,0.881382845097268,0.658308404110869,-1.61646119750486,-0.000931528687484931,0.409105967771019
2.12400071841352,0.881382845097268,0.658308404110869,-1.61646119750486,-0.000931528687484931,0.409105967771019
2.02958249241646,0.881382845097268,0.658308404110869,-1.61646119750486,-0.000931528687484931,0.409105967771019
2.38874449460116,0.881382845097268,0.658308404110869,-1.61646119750486,-0.000931528687484931,0.409105967771019
2.34793842710961,0.881382845097268,0.658308404110869,-1.61646119750486,-0.000931528687484931,0.409105967771019
2.05928326266327,0.881382845097268,0.658308404110869,-1.61646119750486,-0.000931528687484931,0.409105967771019
1.76226021206397,0.881382845097268,0.658308404110869,-1.61646119750486,-0.000931528687484931,0.409105967771019
2.21640209590018,0.881382845097268,0.658308404110869,-1.61646119750486,-0.000931528687484931,0.409105967771019
1.662285766019,0.881382845097268,0.658308404110869,-1.61646119750486,-0.000931528687484931,0.409105967771019
2.0518584534954,0.881382845097268,0.658308404110869,-1.61646119750486,-0.000931528687484931,0.409105967771019
1.89259505322424,0.881382845097268,0.658308404110869,-1.61646119750486,-0.000931528687484931,0.409105967771019
2.06376860817871,0.881382845097268,0.658308404110869,-1.61646119750486,-0.000931528687484931,0.409105967771019
1.81237021019781,0.881382845097268,0.658308404110869,-1.61646119750486,-0.000931528687484931,0.409105967771019
2.45507074028913,0.881382845097268,0.658308404110869,-1.61646119750486,-0.000931528687484931,0.409105967771019
2.15387394685194,0.881382845097268,0.658308404110869,-1.61646119750486,-0.000931528687484931,0.409105967771019
1.97041696269096,0.881382845097268,0.658308404110869,-1.61646119750486,-0.000931528687484931,0.409105967771019
2.1912829325798,0.881382845097268,0.658308404110869,-1.61646119750486,-0.000931528687484931,0.409105967771019
1.74748068708976,0.881382845097268,0.658308404110869,-1.61646119750486,-0.000931528687484931,0.409105967771019
1.71332739868336,0.881382845097268,0.658308404110869,-1.61646119750486,-0.000931528687484931,0.409105967771019
2.26374979492735,0.881382845097268,0.658308404110869,-1.61646119750486,-0.000931528687484931,0.409105967771019
1.7657132073224,0.881382845097268,0.658308404110869,-1.61646119750486,-0.000931528687484931,0.409105967771019
2.05085498612688,0.881382845097268,0.658308404110869,-1.61646119750486,-0.000931528687484931,0.409105967771019
1.85588939922519,0.881382845097268,0.658308404110869,-1.61646119750486,-0.000931528687484931,0.409105967771019
2.16256877184959,0.881382845097268,0.658308404110869,-1.61646119750486,-0.000931528687484931,0.409105967771019
2.0515938867181,0.881382845097268,0.658308404110869,-1.61646119750486,-0.000931528687484931,0.409105967771019
2.20073305633893,0.881382845097268,0.658308404110869,-1.61646119750486,-0.000931528687484931,0.409105967771019
1.9676243274909,0.881382845097268,0.658308404110869,-1.61646119750486,-0.000931528687484931,0.409105967771019
2.07575880806893,0.881382845097268,0.658308404110869,-1.61646119750486,-0.000931528687484931,0.409105967771019
1.87107532820541,0.881382845097268,0.658308404110869,-1.61646119750486,-0.000931528687484931,0.409105967771019
2.09212749150874,0.881382845097268,0.658308404110869,-1.61646119750486,-0.000931528687484931,0.409105967771019
2.19283170028525,0.881382845097268,0.658308404110869,-1.61646119750486,-0.000931528687484931,0.409105967771019
1.98102175638678,0.881382845097268,0.658308404110869,-1.61646119750486,-0.000931528687484931,0.409105967771019
1.86504967688886,0.881382845097268,0.658308404110869,-1.61646119750486,-0.000931528687484931,0.409105967771019
2.04660990025105,0.881382845097268,0.658308404110869,-1.61646119750486,-0.000931528687484931,0.409105967771019
2.12269401154049,0.881382845097268,0.658308404110869,-1.61646119750486,-0.000931528687484931,0.409105967771019
2.07370975045138,0.881382845097268,0.658308404110869,-1.61646119750486,-0.000931528687484931,0.409105967771019
2.20092671645168,0.881382845097268,0.658308404110869,-1.61646119750486,-0.000931528687484931,0.409105967771019
2.14720066605934,0.881382845097268,0.658308404110869,-1.61646119750486,-0.000931528687484931,0.409105967771019
1.91542737265073,0.881382845097268,0.658308404110869,-1.61646119750486,-0.000931528687484931,0.409105967771019
2.07087765303221,0.881382845097268,0.658308404110869,-1.61646119750486,-0.000931528687484931,0.409105967771019
1.88461491799422,0.881382845097268,0.658308404110869,-1.61646119750486,-0.000931528687484931,0.409105967771019
1.98950034031207,0.881382845097268,0.658308404110869,-1.61646119750486,-0.000931528687484931,0.409105967771019
1.98421605446844,0.881382845097268,0.658308404110869,-1.61646119750486,-0.000931528687484931,0.409105967771019
2.4122306907863,0.881382845097268,0.658308404110869,-1.61646119750486,-0.000931528687484931,0.409105967771019
2.07056768319004,0.881382845097268,0.658308404110869,-1.61646119750486,-0.000931528687484931,0.409105967771019
2.11147353630977,0.881382845097268,0.658308404110869,-1.61646119750486,-0.000931528687484931,0.409105967771019
2.27462019124127,0.881382845097268,0.658308404110869,-1.61646119750486,-0.000931528687484931,0.409105967771019
1.88953681071145,0.881382845097268,0.658308404110869,-1.61646119750486,-0.000931528687484931,0.409105967771019
2.14254725951967,0.881382845097268,0.658308404110869,-1.61646119750486,-0.000931528687484931,0.409105967771019
2.06933799590708,0.881382845097268,0.658308404110869,-1.61646119750486,-0.000931528687484931,0.409105967771019
2.04072423896905,0.881382845097268,0.658308404110869,-1.61646119750486,-0.000931528687484931,0.409105967771019
2.07117677379173,0.881382845097268,0.658308404110869,-1.61646119750486,-0.000931528687484931,0.409105967771019
1.87891021673471,0.881382845097268,0.658308404110869,-1.61646119750486,-0.000931528687484931,0.409105967771019
1.8630004320451,0.881382845097268,0.658308404110869,-1.61646119750486,-0.000931528687484931,0.409105967771019
1.9230707644029,0.881382845097268,0.658308404110869,-1.61646119750486,-0.000931528687484931,0.409105967771019
2.39633287779777,0.881382845097268,0.658308404110869,-1.61646119750486,-0.000931528687484931,0.409105967771019
2.24774651398989,0.881382845097268,0.658308404110869,-1.61646119750486,-0.000931528687484931,0.409105967771019
1.93902837515205,0.881382845097268,0.658308404110869,-1.61646119750486,-0.000931528687484931,0.409105967771019
1.76446768043784,0.881382845097268,0.658308404110869,-1.61646119750486,-0.000931528687484931,0.409105967771019
1.65937508928378,0.881382845097268,0.658308404110869,-1.61646119750486,-0.000931528687484931,0.409105967771019
2.01191459110205,0.881382845097268,0.658308404110869,-1.61646119750486,-0.000931528687484931,0.409105967771019
2.26385411711331,0.881382845097268,0.658308404110869,-1.61646119750486,-0.000931528687484931,0.409105967771019
2.10263405103369,0.881382845097268,0.658308404110869,-1.61646119750486,-0.000931528687484931,0.409105967771019
1.60362884220834,0.881382845097268,0.658308404110869,-1.61646119750486,-0.000931528687484931,0.409105967771019
2.22862723032743,0.881382845097268,0.658308404110869,-1.61646119750486,-0.000931528687484931,0.409105967771019
1.77240310960443,0.881382845097268,0.658308404110869,-1.61646119750486,-0.000931528687484931,0.409105967771019
2.20431722723631,0.881382845097268,0.658308404110869,-1.61646119750486,-0.000931528687484931,0.409105967771019
2.09230108363507,0.881382845097268,0.658308404110869,-1.61646119750486,-0.000931528687484931,0.409105967771019
1.86264134497461,0.881382845097268,0.658308404110869,-1.61646119750486,-0.000931528687484931,0.409105967771019
1.65443414477984,0.881382845097268,0.658308404110869,-1.61646119750486,-0.000931528687484931,0.409105967771019
2.04075011619475,0.881382845097268,0.658308404110869,-1.61646119750486,-0.000931528687484931,0.409105967771019
1.89885717289365,0.881382845097268,0.658308404110869,-1.61646119750486,-0.000931528687484931,0.409105967771019
2.53790710521845,0.881382845097268,0.658308404110869,-1.61646119750486,-0.000931528687484931,0.409105967771019
2.30516015169554,0.881382845097268,0.658308404110869,-1.61646119750486,-0.000931528687484931,0.409105967771019
2.04596097275711,0.881382845097268,0.658308404110869,-1.61646119750486,-0.000931528687484931,0.409105967771019
2.24582047189941,0.881382845097268,0.658308404110869,-1.61646119750486,-0.000931528687484931,0.409105967771019
2.06915912161593,0.881382845097268,0.658308404110869,-1.61646119750486,-0.000931528687484931,0.409105967771019
2.05600678657699,0.881382845097268,0.658308404110869,-1.61646119750486,-0.000931528687484931,0.409105967771019
1.7198496666339,0.881382845097268,0.658308404110869,-1.61646119750486,-0.000931528687484931,0.409105967771019
1.98561770493223,0.881382845097268,0.658308404110869,-1.61646119750486,-0.000931528687484931,0.409105967771019
1.98031053878283,0.881382845097268,0.658308404110869,-1.61646119750486,-0.000931528687484931,0.409105967771019
2.134844025901,0.881382845097268,0.658308404110869,-1.61646119750486,-0.000931528687484931,0.409105967771019
2.3439080323701,0.881382845097268,0.658308404110869,-1.61646119750486,-0.000931528687484931,0.409105967771019
1.97228921072194,0.881382845097268,0.658308404110869,-1.61646119750486,-0.000931528687484931,0.409105967771019
1.8841111123572,0.881382845097268,0.658308404110869,-1.61646119750486,-0.000931528687484931,0.409105967771019
1.93858082647465,0.881382845097268,0.658308404110869,-1.61646119750486,-0.000931528687484931,0.409105967771019
1.97048344805584,0.881382845097268,0.658308404110869,-1.61646119750486,-0.000931528687484931,0.409105967771019
2.11489352627716,0.881382845097268,0.658308404110869,-1.61646119750486,-0.000931528687484931,0.409105967771019
2.1158597337137,0.881382845097268,0.658308404110869,-1.61646119750486,-0.000931528687484931,0.409105967771019
2.22086501081683,0.881382845097268,0.658308404110869,-1.61646119750486,-0.000931528687484931,0.409105967771019
1.84837065770628,0.881382845097268,0.658308404110869,-1.61646119750486,-0.000931528687484931,0.409105967771019
2.00280278313117,0.881382845097268,0.658308404110869,-1.61646119750486,-0.000931528687484931,0.409105967771019
1.6520343609023,0.881382845097268,0.658308404110869,-1.61646119750486,-0.000931528687484931,0.409105967771019
1.83814620063715,0.881382845097268,0.658308404110869,-1.61646119750486,-0.000931528687484931,0.409105967771019
2.21414430330083,0.881382845097268,0.658308404110869,-1.61646119750486,-0.000931528687484931,0.409105967771019
2.06844428970482,0.881382845097268,0.658308404110869,-1.61646119750486,-0.000931528687484931,0.409105967771019
2.13031548636092,0.881382845097268,0.658308404110869,-1.61646119750486,-0.000931528687484931,0.409105967771019
1.93729507281565,0.881382845097268,0.658308404110869,-1.61646119750486,-0.000931528687484931,0.409105967771019
1.88247217540725,0.881382845097268,0.658308404110869,-1.61646119750486,-0.000931528687484931,0.409105967771019
1.6696322128559,0.881382845097268,0.658308404110869,-1.61646119750486,-0.000931528687484931,0.409105967771019
2.16873096729355,0.881382845097268,0.658308404110869,-1.61646119750486,-0.000931528687484931,0.409105967771019
2.43974602202281,0.881382845097268,0.658308404110869,-1.61646119750486,-0.000931528687484931,0.409105967771019
2.32081853489889,0.881382845097268,0.658308404110869,-1.61646119750486,-0.000931528687484931,0.409105967771019
2.15019638617368,0.881382845097268,0.658308404110869,-1.61646119750486,-0.000931528687484931,0.409105967771019
2.24606697875746,0.881382845097268,0.658308404110869,-1.61646119750486,-0.000931528687484931,0.409105967771019
2.0520324231802,0.881382845097268,0.658308404110869,-1.61646119750486,-0.000931528687484931,0.409105967771019
2.03937828368039,0.881382845097268,0.658308404110869,-1.61646119750486,-0.000931528687484931,0.409105967771019
1.82942751021389,0.881382845097268,0.658308404110869,-1.61646119750486,-0.000931528687484931,0.409105967771019
1.9762278554571,0.881382845097268,0.658308404110869,-1.61646119750486,-0.000931528687484931,0.409105967771019
2.00747507307096,0.881382845097268,0.658308404110869,-1.61646119750486,-0.000931528687484931,0.409105967771019
1.92259540742085,0.881382845097268,0.658308404110869,-1.61646119750486,-0.000931528687484931,0.409105967771019
1.85113990031988,0.881382845097268,0.658308404110869,-1.61646119750486,-0.000931528687484931,0.409105967771019
2.53081780488706,0.881382845097268,0.658308404110869,-1.61646119750486,-0.000931528687484931,0.409105967771019
2.01675581648243,0.881382845097268,0.658308404110869,-1.61646119750486,-0.000931528687484931,0.409105967771019
2.00255813598689,0.881382845097268,0.658308404110869,-1.61646119750486,-0.000931528687484931,0.409105967771019
1.79187945528341,0.881382845097268,0.658308404110869,-1.61646119750486,-0.000931528687484931,0.409105967771019
2.05146655788286,0.881382845097268,0.658308404110869,-1.61646119750486,-0.000931528687484931,0.409105967771019
2.12033297990999,0.881382845097268,0.658308404110869,-1.61646119750486,-0.000931528687484931,0.409105967771019
2.49521629067562,0.881382845097268,0.658308404110869,-1.61646119750486,-0.000931528687484931,0.409105967771019
2.19910549326619,0.881382845097268,0.658308404110869,-1.61646119750486,-0.000931528687484931,0.409105967771019
2.13617923836556,0.881382845097268,0.658308404110869,-1.61646119750486,-0.000931528687484931,0.409105967771019
2.35862776482528,0.881382845097268,0.658308404110869,-1.61646119750486,-0.000931528687484931,0.409105967771019
2.47267018692816,0.881382845097268,0.658308404110869,-1.61646119750486,-0.000931528687484931,0.409105967771019
2.08742223830191,0.881382845097268,0.658308404110869,-1.61646119750486,-0.000931528687484931,0.409105967771019
2.02806898129693,0.881382845097268,0.658308404110869,-1.61646119750486,-0.000931528687484931,0.409105967771019
1.96332587668085,0.881382845097268,0.658308404110869,-1.61646119750486,-0.000931528687484931,0.409105967771019
2.20830093988741,0.881382845097268,0.658308404110869,-1.61646119750486,-0.000931528687484931,0.409105967771019
2.45381430309508,0.881382845097268,0.658308404110869,-1.61646119750486,-0.000931528687484931,0.409105967771019
2.01308413118211,0.881382845097268,0.658308404110869,-1.61646119750486,-0.000931528687484931,0.409105967771019
2.02183744466823,0.881382845097268,0.658308404110869,-1.61646119750486,-0.000931528687484931,0.409105967771019
1.92035865252066,0.881382845097268,0.658308404110869,-1.61646119750486,-0.000931528687484931,0.409105967771019
1.93491747682466,0.881382845097268,0.658308404110869,-1.61646119750486,-0.000931528687484931,0.409105967771019
2.14368399819885,0.881382845097268,0.658308404110869,-1.61646119750486,-0.000931528687484931,0.409105967771019
2.00215011928977,0.881382845097268,0.658308404110869,-1.61646119750486,-0.000931528687484931,0.409105967771019
2.11574515716997,0.881382845097268,0.658308404110869,-1.61646119750486,-0.000931528687484931,0.409105967771019
1.9713321261797,0.881382845097268,0.658308404110869,-1.61646119750486,-0.000931528687484931,0.409105967771019
2.11247179777839,0.881382845097268,0.658308404110869,-1.61646119750486,-0.000931528687484931,0.409105967771019
2.08028224835656,0.881382845097268,0.658308404110869,-1.61646119750486,-0.000931528687484931,0.409105967771019
2.1284305977335,0.881382845097268,0.658308404110869,-1.61646119750486,-0.000931528687484931,0.409105967771019
2.29278204604442,0.881382845097268,0.658308404110869,-1.61646119750486,-0.000931528687484931,0.409105967771019
2.08782327962419,0.881382845097268,0.658308404110869,-1.61646119750486,-0.000931528687484931,0.409105967771019
1.85023885527472,0.881382845097268,0.658308404110869,-1.61646119750486,-0.000931528687484931,0.409105967771019
