"V1","V2","V3","V4","V5","V6"
2.26305205767204,2.16776356713246,0.0822105633834691,-4.49478645233907,-0.00157644136668806,0.49172809412062
2.26305205767204,2.00414761412206,0.242395326904281,-2.38999679838966,-0.00333546989195011,0.49172809412062
2.26305205767204,1.98043410746728,0.230449443619718,-1.88368383851309,-0.00226112294192549,0.49172809412062
2.26305205767204,2.6439379676911,-0.0347237192385825,-2.60687197951566,-0.00326473578860279,0.49172809412062
2.26305205767204,2.62341812455904,-0.0243434326851501,-4.6299878742809,-0.00341816141504629,0.49172809412062
2.26305205767204,1.80955747870469,0.198435547533737,-3.18669859911523,-0.00103908451597101,0.49172809412062
2.26305205767204,2.15983582698562,0.222405563344298,-4.43020582030019,-0.00270718296912231,0.49172809412062
2.26305205767204,2.66325742638763,0.226548565541192,-6.18177840888811,-0.00427048069233523,0.49172809412062
2.26305205767204,2.22871754651072,0.204302046687335,-3.03132905127179,-0.00294694018490136,0.49172809412062
2.26305205767204,2.18775220851199,0.221819832084232,-7.40694246391929,-0.00237805055318138,0.49172809412062
2.26305205767204,2.2717049979295,0.161251757465187,-5.50860872817822,-0.00249998813320243,0.49172809412062
2.26305205767204,1.92506419863998,0.0637417198899264,-2.83465513253973,-0.00104225749242631,0.49172809412062
2.26305205767204,2.16222063197906,0.0975174368256096,-1.63141595235295,-0.00239057445870235,0.49172809412062
2.26305205767204,1.92346241162235,0.192227745857453,-0.709513231246641,-0.00249478483669131,0.49172809412062
2.26305205767204,1.93351345515957,0.254768016526656,-3.2048812909414,-0.00244067418927359,0.49172809412062
2.26305205767204,1.98231850560228,0.149928374335878,-1.62260039405718,-0.00200265404314064,0.49172809412062
2.26305205767204,1.90651886553243,0.210507584267588,-4.12090601977134,-0.00190073453853547,0.49172809412062
2.26305205767204,1.81347480738416,0.212813436206562,-3.99637627674346,-0.00162732200969708,0.49172809412062
2.26305205767204,2.40646162250259,0.0920411820993928,-4.40921724162714,-0.0034431420185687,0.49172809412062
2.26305205767204,2.21521194767968,0.149101115768113,-5.20672782233583,-0.00259973549269278,0.49172809412062
2.26305205767204,2.6382841216462,0.0331889265946271,-6.5475224537437,-0.00281568449159975,0.49172809412062
2.26305205767204,1.80514409129655,0.385064397176824,-2.16784969661059,-0.00338526709376954,0.49172809412062
2.26305205767204,2.02207820302358,0.119908831255891,-2.39295619721624,-0.00197410166452769,0.49172809412062
2.26305205767204,1.91055372370177,0.178862965651882,0.185283389315817,-0.00197137607284198,0.49172809412062
2.26305205767204,2.31935277444883,0.0429367129909245,-2.72255354225321,-0.00219107992128845,0.49172809412062
2.26305205767204,1.69267100531495,0.333111465063087,-1.79130127980102,-0.00181058862589276,0.49172809412062
2.26305205767204,1.70921974951493,0.199374685179869,-4.05802339900888,-0.000643393240648175,0.49172809412062
2.26305205767204,2.67644527922646,-0.0227339461416646,-6.83423672309478,-0.00294410596318814,0.49172809412062
2.26305205767204,1.87422590919032,0.241337862990989,0.930279662612005,-0.0025230807985991,0.49172809412062
2.26305205767204,1.90103050487292,0.24909156137303,-2.1758423671962,-0.00251674096380969,0.49172809412062
2.26305205767204,2.0428101303432,0.190428233552816,-5.27163820680399,-0.00201393057997917,0.49172809412062
2.26305205767204,2.69840376941344,-0.0634848693270311,-2.16211122703973,-0.00369279650447732,0.49172809412062
2.26305205767204,1.85406171763808,0.210782108242156,-2.66101735296421,-0.00141909182762941,0.49172809412062
2.26305205767204,2.3479624631904,0.161304582341288,-7.04630655844273,-0.00277966171984255,0.49172809412062
2.26305205767204,2.28235576962367,0.159399860252682,-4.88366384900653,-0.00286518816522749,0.49172809412062
2.26305205767204,2.27658818451247,0.134802761468584,-4.88380618033772,-0.00229317387626116,0.49172809412062
2.26305205767204,1.76095154160582,0.376879658943557,-1.72213351182201,-0.002768042045792,0.49172809412062
2.26305205767204,1.37742213189533,0.379288528748465,-1.21081009962438,-0.00148182178554526,0.49172809412062
2.26305205767204,1.80444184582522,0.257132771747395,-5.00752687887285,-0.00154417915249746,0.49172809412062
2.26305205767204,2.25311004868974,0.139481604806712,-6.61760077232296,-0.00225846868505828,0.49172809412062
2.26305205767204,2.19691392500703,0.244400654540122,-4.66401292687439,-0.00295505544281494,0.49172809412062
2.26305205767204,2.19174513734421,0.0707852448097959,-4.17750205089188,-0.00228235830993696,0.49172809412062
2.26305205767204,2.19987201652535,0.259832026532876,-8.37856305138744,-0.00191733650163012,0.49172809412062
2.26305205767204,2.1765640352888,0.162509485696682,-2.20917748881158,-0.00288145585193855,0.49172809412062
2.26305205767204,1.86329110586879,0.241970576606488,-0.0277994659058895,-0.00253616961064049,0.49172809412062
2.26305205767204,2.43437518576695,0.0773708351373164,-4.55232209188225,-0.00281677552938357,0.49172809412062
2.26305205767204,1.84256051850411,0.332936231909228,-0.893437335741232,-0.00301211522585883,0.49172809412062
2.26305205767204,2.05840863128724,0.196519212961438,-5.96948627491022,-0.00209499230935683,0.49172809412062
2.26305205767204,2.27448859392385,0.120114811908183,-2.34101603629988,-0.00296064685582339,0.49172809412062
2.26305205767204,2.72505333279712,-0.116144319210747,-5.59153751270168,-0.0029957506920199,0.49172809412062
2.26305205767204,2.11026066018944,0.16543441494744,-4.51288431966549,-0.00202095844193688,0.49172809412062
2.26305205767204,2.11375440293941,0.0749906164068114,-1.97589928273624,-0.00209522245640331,0.49172809412062
2.26305205767204,2.13447455231648,0.145660034890445,-6.20303727515966,-0.00165285099430947,0.49172809412062
2.26305205767204,1.70992954609839,0.256410162208555,-1.80319585600735,-0.000811564234316994,0.49172809412062
2.26305205767204,1.68650753916125,0.32800244348256,-1.10235418956944,-0.00196177801125922,0.49172809412062
2.26305205767204,2.1662965356266,0.250078661365406,-3.380781306691,-0.00364563783413799,0.49172809412062
2.26305205767204,2.3444069455772,0.0950398323775492,-3.72974172001848,-0.00328444349825349,0.49172809412062
2.26305205767204,2.3154388281786,0.128400193537912,-4.17668755901777,-0.00317474378718661,0.49172809412062
2.26305205767204,2.33200866714355,0.069002922154149,-1.52360442574401,-0.0028610835502012,0.49172809412062
2.26305205767204,1.91624167884882,0.281315165495592,-2.96382438667489,-0.0023210403720123,0.49172809412062
2.26305205767204,1.88797076068243,0.276861423974205,-3.61026923853416,-0.00248102229213163,0.49172809412062
2.26305205767204,2.17211146362859,0.273666692979324,-3.8527778865863,-0.00336308691018829,0.49172809412062
2.26305205767204,2.40645186047601,0.00879539968104605,-6.9562971835274,-0.00192473415330974,0.49172809412062
2.26305205767204,1.77298218961074,0.243826118873082,0.170420442134487,-0.00219385319293942,0.49172809412062
2.26305205767204,2.26597833527055,-0.00119451382607571,-1.82367101020976,-0.00230684022929491,0.49172809412062
2.26305205767204,2.06984066175245,0.244331620805487,-8.0935321158256,-0.00166674498601272,0.49172809412062
2.26305205767204,2.32421757797707,0.055143624909533,-3.96493717614123,-0.00239850022884989,0.49172809412062
2.26305205767204,2.16191156754021,0.158830246391824,-4.34118357707947,-0.00197988182375573,0.49172809412062
2.26305205767204,2.16708887391719,0.255244788296076,-4.30830814610102,-0.00367448349624852,0.49172809412062
2.26305205767204,2.43059335310459,0.0199555728511655,-2.54633728331036,-0.00268977010684191,0.49172809412062
2.26305205767204,2.24359437926604,0.172703814065883,-2.21360556093946,-0.00314366963810256,0.49172809412062
2.26305205767204,2.21590479163175,0.197178559470898,-5.16667905609506,-0.00314314120000384,0.49172809412062
2.26305205767204,2.52868097576461,0.0081491270802574,-5.98259578953942,-0.00210830964552988,0.49172809412062
2.26305205767204,1.83615480490716,0.264144361161731,-2.44260678979983,-0.00213720200306331,0.49172809412062
2.26305205767204,2.0768304057237,0.208302169602978,-2.11235189147096,-0.00333889882179851,0.49172809412062
2.26305205767204,2.3452101579258,0.108604527850791,-8.09593534682775,-0.00194465513688878,0.49172809412062
2.26305205767204,1.77794501828097,0.320968592856363,-4.00025609583521,-0.00217848214776545,0.49172809412062
2.26305205767204,1.75259238892336,0.37439558946004,-5.22279940531846,-0.0022271981666933,0.49172809412062
2.26305205767204,1.82194712807739,0.320164373305635,-5.38577743225638,-0.0018948960797712,0.49172809412062
2.26305205767204,2.24714063379121,0.114418456436374,-4.84970825957458,-0.00239831772204344,0.49172809412062
2.26305205767204,2.3379158305018,0.0644450066996285,-6.87958856563695,-0.00216554447588634,0.49172809412062
2.26305205767204,2.15613744783408,0.15903803954359,-3.52643581450763,-0.00248784818945009,0.49172809412062
2.26305205767204,2.33410498051092,0.0680559021202585,-6.30254507535359,-0.0017388235717102,0.49172809412062
2.26305205767204,2.22642270455569,0.16287644616924,-4.59882815218768,-0.00244085935876953,0.49172809412062
2.26305205767204,2.14544201068057,0.183592408953039,-2.90781645332375,-0.00289979726152606,0.49172809412062
2.26305205767204,1.76435183031022,0.180667022260618,-3.894307519914,-0.00116684628752862,0.49172809412062
2.26305205767204,2.26115548302714,0.107203224093109,-3.30296214611629,-0.00314628514143997,0.49172809412062
2.26305205767204,1.98177443409443,0.163316891740559,-3.28141498569076,-0.00165170493064928,0.49172809412062
2.26305205767204,2.22145626338999,0.166555489634369,-5.17640972432724,-0.00281174204707281,0.49172809412062
2.26305205767204,2.2735550151964,0.0448121568180444,-2.25600490910524,-0.00261099825281926,0.49172809412062
2.26305205767204,1.68650753916125,0.32800244348256,-1.10235418956944,-0.00196177801125922,0.49172809412062
2.26305205767204,2.14642787154503,0.203914493010385,-5.91018743779519,-0.00232386467531929,0.49172809412062
2.26305205767204,2.17553889106801,0.0182893845403957,-3.37734226737677,-0.00140606681840925,0.49172809412062
2.26305205767204,2.63741991086168,-0.0230851243350382,-2.97240193052651,-0.0035386802172707,0.49172809412062
2.26305205767204,1.74027707418473,0.310381716810498,-2.37186617405777,-0.00218777755956491,0.49172809412062
2.26305205767204,2.03314038888503,0.0799438448598001,-2.95521717987547,-0.00173788389441414,0.49172809412062
2.26305205767204,1.56208029060464,0.441139160447885,-3.81445652281003,-0.00192577683602854,0.49172809412062
2.26305205767204,2.0202285069506,0.250280202949984,-3.83767417549458,-0.00237779964710395,0.49172809412062
2.26305205767204,1.77298218961074,0.243826118873082,0.170420442134487,-0.00219385319293942,0.49172809412062
2.26305205767204,1.98177443409443,0.163316891740559,-3.28141498569076,-0.00165170493064928,0.49172809412062
2.26305205767204,2.27609113928655,0.196069444873363,-5.14610702235552,-0.00320791567482956,0.49172809412062
2.26305205767204,1.94794417838298,0.234159541980085,-3.21910574967749,-0.0020730011127807,0.49172809412062
2.26305205767204,2.17635046425222,0.179299186262899,-0.875781028102218,-0.00333197308123446,0.49172809412062
2.26305205767204,2.11786706580001,0.182102541495099,-4.56979604860089,-0.00217274496214685,0.49172809412062
2.26305205767204,2.35913697827491,0.165624503762367,-6.06032058232301,-0.00293381676827546,0.49172809412062
2.26305205767204,2.15920137024482,0.264673090876758,-4.84441903596779,-0.00331292016875698,0.49172809412062
2.26305205767204,2.50097421078827,0.0067966116113428,-5.44020522255385,-0.00234331177113656,0.49172809412062
2.26305205767204,1.60875092206919,0.241391611395506,-3.29184057438451,-0.00117658530519989,0.49172809412062
2.26305205767204,2.34506362113547,0.0323379640972253,-1.70205739772501,-0.00243766899675092,0.49172809412062
2.26305205767204,1.35920860889608,0.469615704094426,-4.56407876419935,-0.000963222881698174,0.49172809412062
2.26305205767204,2.15309102790984,0.134111868619303,-2.30786849237804,-0.00273612922966023,0.49172809412062
2.26305205767204,1.72484403539594,0.28270575810951,-4.08568594593292,-0.0015126289362755,0.49172809412062
2.26305205767204,1.99872029450377,0.124751214167058,-3.25446896414161,-0.00181767953393974,0.49172809412062
2.26305205767204,2.34908367618721,0.0621197955192616,-3.6262285222814,-0.00264384219624306,0.49172809412062
2.26305205767204,2.33842994369089,0.155366506093914,-3.99485550603495,-0.00298267760319658,0.49172809412062
2.26305205767204,2.61071765614768,0.129416908471937,-4.50565735568981,-0.00414291102476736,0.49172809412062
2.26305205767204,2.07388324733671,0.190099648733556,-5.4985012810876,-0.00213591957657495,0.49172809412062
2.26305205767204,2.54814689976504,0.0599336286217671,-8.34236546731246,-0.0022772111356749,0.49172809412062
2.26305205767204,1.53457530720788,0.250825591517022,0.299828805472131,-0.00126790013669098,0.49172809412062
2.26305205767204,2.37816471011192,0.00902951195875708,-5.28896163953076,-0.0019956098306298,0.49172809412062
2.26305205767204,1.82774725714419,0.351425706415735,-6.15435106084666,-0.00205624211611784,0.49172809412062
2.26305205767204,1.57448611906369,0.435564421299352,-4.99342962294008,-0.00164442476412791,0.49172809412062
2.26305205767204,2.07821107526364,0.0838841562694273,-1.5084528361977,-0.00162034452570173,0.49172809412062
2.26305205767204,2.33978372698738,0.0310113895309512,-4.77689292579847,-0.0023384535559675,0.49172809412062
2.26305205767204,2.08706584928244,0.183083368568296,-4.89648063181015,-0.00243363535850255,0.49172809412062
2.26305205767204,2.5478889104612,0.189734419680459,-5.77740913216332,-0.00424003451226254,0.49172809412062
2.26305205767204,2.42602199704835,0.149826066751402,-4.79766304700461,-0.00358065448012945,0.49172809412062
2.26305205767204,1.91250265023335,0.154241703476752,-0.824573501704057,-0.00223402998834252,0.49172809412062
2.26305205767204,2.29589307725052,0.175713038771859,-5.61130607295463,-0.00253808115717238,0.49172809412062
2.26305205767204,2.69441454511009,0.0597789208835537,-6.7923382660139,-0.00340465008598196,0.49172809412062
2.26305205767204,2.41552528808755,-0.000324472786686916,-3.00712431767489,-0.00279025325394421,0.49172809412062
2.26305205767204,1.87887552320058,0.250681375333772,-1.63185234967357,-0.00234340664127912,0.49172809412062
2.26305205767204,2.11262033404893,0.0566287570908304,-4.77592293856643,-0.00172949760082213,0.49172809412062
2.26305205767204,2.35391570154112,0.10261855891356,-4.10598263204179,-0.00334260942923637,0.49172809412062
2.26305205767204,2.27115872935075,0.131067583577894,-6.05106009936327,-0.00203370597892857,0.49172809412062
2.26305205767204,2.28013608016777,0.113398147883863,-4.96175575915904,-0.00205215770637453,0.49172809412062
2.26305205767204,2.01126787186652,0.261136173430716,-0.854589308690649,-0.00355805348514371,0.49172809412062
2.26305205767204,1.96986896258307,0.262891422328666,-3.02863086487829,-0.00207672263405336,0.49172809412062
2.26305205767204,2.31392097409936,0.0683872354919602,-4.05433650290667,-0.00248094396439002,0.49172809412062
2.26305205767204,2.05961174444289,0.106782504515545,-1.84718213737852,-0.00248195963322128,0.49172809412062
2.26305205767204,1.33536138192745,0.389431529053472,-0.987264211568837,-0.00113210565415787,0.49172809412062
2.26305205767204,2.09973760841212,0.145354828617,-2.80617739012695,-0.00229260260325553,0.49172809412062
2.26305205767204,2.03061839562637,0.175034182047614,-2.78785462047795,-0.00220766807794846,0.49172809412062
2.26305205767204,2.4761533366221,0.105848561988479,-4.92836718488181,-0.00321333727749693,0.49172809412062
2.26305205767204,2.20466662414388,0.0763276998357744,-4.1188998408646,-0.00214530410972066,0.49172809412062
2.26305205767204,2.37774533931685,0.0599837916840097,-4.61107682662775,-0.00268259694517132,0.49172809412062
2.26305205767204,2.00920369728086,0.246254754867729,-3.68496216678753,-0.00268893635568419,0.49172809412062
2.26305205767204,1.94525393682051,0.165127220098813,-0.297822497188507,-0.00275639330815036,0.49172809412062
2.26305205767204,2.3260850640731,0.175113662139745,-6.7891105198699,-0.00256347246012977,0.49172809412062
2.26305205767204,2.41810111045324,0.133156610032478,-5.55659442770041,-0.00303397690193538,0.49172809412062
2.26305205767204,1.67947498670083,0.282588162404747,-2.05691985323711,-0.00186025038662937,0.49172809412062
2.26305205767204,2.21011344356684,0.0353234155270681,-1.70011448846309,-0.00234295234935284,0.49172809412062
2.26305205767204,2.20433206110351,0.185882209298995,-4.76446216319653,-0.0027739964191903,0.49172809412062
2.26305205767204,2.2163601881146,0.124708625759604,-2.06446557994247,-0.00292855341820274,0.49172809412062
2.26305205767204,2.29105660280231,0.188446444603306,-3.96904308056151,-0.00334738179583736,0.49172809412062
2.26305205767204,2.41925142139371,0.0648003587512136,-5.14933274359241,-0.00281595576943627,0.49172809412062
2.26305205767204,2.10915282905406,0.179611451978118,-2.57485215526713,-0.00257768695993259,0.49172809412062
2.26305205767204,1.89773038355157,0.278750102338951,-6.10354835960613,-0.00180580012987111,0.49172809412062
2.26305205767204,2.2116160511251,0.151562774443276,-4.98005949087755,-0.00210154714371561,0.49172809412062
2.26305205767204,2.22449756680874,0.108214770554267,-5.88623862226996,-0.0020117966902794,0.49172809412062
2.26305205767204,2.4270816807497,0.130122759810966,-5.81614317666015,-0.0027351753245467,0.49172809412062
2.26305205767204,1.816248243303,0.231828373500363,-3.85793927621605,-0.00192119149394247,0.49172809412062
2.26305205767204,2.13361661099442,0.228101548950123,-3.34098646768058,-0.00316058261616897,0.49172809412062
2.26305205767204,1.89114643768471,0.150496706274414,-2.19807802688092,-0.00132145598645666,0.49172809412062
2.26305205767204,2.33660184061107,0.0433614820181167,-5.26107213372012,-0.00203548652168445,0.49172809412062
2.26305205767204,2.24246136239228,0.293594738436523,-4.16818511608066,-0.00354449449159438,0.49172809412062
2.26305205767204,1.79434895196502,0.313964976314959,-2.69974441664884,-0.00223612952305361,0.49172809412062
2.26305205767204,1.79950968273612,0.28340806889147,-2.40694384418594,-0.00300779548095722,0.49172809412062
2.26305205767204,2.19423348390842,0.158454549719829,-2.97344384966089,-0.00284753120459598,0.49172809412062
2.26305205767204,2.16139027867066,0.219787689512529,-4.28500524153365,-0.0024304810326637,0.49172809412062
2.26305205767204,2.08931052851772,0.149550970232246,-2.5870591043256,-0.00251351072311108,0.49172809412062
2.26305205767204,1.90770488405575,0.276818190412714,-5.33253696128753,-0.00231676662294887,0.49172809412062
2.26305205767204,1.8029601121896,0.240995095519735,-2.8218954795204,-0.00147263523003808,0.49172809412062
2.26305205767204,2.26351537954061,0.217957241435388,-4.92718975486336,-0.00308162183337905,0.49172809412062
2.26305205767204,2.04326492000492,0.214834770657084,-5.0659460597553,-0.00181987447817808,0.49172809412062
2.26305205767204,2.19353871645969,0.186019807113702,-1.14280877710369,-0.00339535152165114,0.49172809412062
2.26305205767204,2.45378962824667,0.105429903188407,-7.66844758502739,-0.00270050180218157,0.49172809412062
2.26305205767204,2.31741907565806,0.151091492597452,-4.84561431191189,-0.00265863240970304,0.49172809412062
2.26305205767204,1.85764105781045,0.352450908674767,-6.28220181334646,-0.00220959547432026,0.49172809412062
2.26305205767204,2.18483859040387,0.0751041249128103,-2.79698914605299,-0.00243279546265405,0.49172809412062
2.26305205767204,1.61555954391113,0.335939063459228,-2.95706711682348,-0.00133118133241761,0.49172809412062
2.26305205767204,2.13769891361962,0.251252719095045,-5.91500697236213,-0.00277375691001164,0.49172809412062
2.26305205767204,1.7863982929904,0.337879781233414,-3.01351530339762,-0.00246038395238299,0.49172809412062
2.26305205767204,2.0280621601626,0.313086020011769,-4.58443441332495,-0.00301883718062724,0.49172809412062
2.26305205767204,1.70350160373359,0.278490953160246,-2.00266455657533,-0.00228775156317118,0.49172809412062
2.26305205767204,2.0233186007414,0.33726529263966,-4.77168439107133,-0.003216164660328,0.49172809412062
2.26305205767204,1.71884719242654,0.25822154327109,-3.27840903438936,-0.00124075359211439,0.49172809412062
2.26305205767204,2.07460910648852,0.150044713097382,-2.49910763314532,-0.00224804767329388,0.49172809412062
2.26305205767204,2.19423696342501,0.108947552568679,-4.14472779102026,-0.00252352857711667,0.49172809412062
2.26305205767204,1.92744969953144,0.15369139180528,-0.582830749355824,-0.00223355422647631,0.49172809412062
2.26305205767204,2.31669231244394,0.251819103715072,-8.64723129961036,-0.00343874343937495,0.49172809412062
2.26305205767204,2.66617754034251,0.114050307923282,-6.66566199245034,-0.00372167860230747,0.49172809412062
2.26305205767204,1.82939686307668,0.312455445568121,-0.880625428660681,-0.00248998008321887,0.49172809412062
2.26305205767204,2.32821759803748,0.113848764777112,-6.0225152409422,-0.0029286820833575,0.49172809412062
2.26305205767204,1.55116825985511,0.359150323776159,-1.56610211433972,-0.00164493426688654,0.49172809412062
2.26305205767204,2.14232128978893,0.16864867842282,-0.856863443856374,-0.00323841614830917,0.49172809412062
2.26305205767204,2.30003763759964,0.0905001715804717,-4.82944423052624,-0.00235796610693085,0.49172809412062
2.26305205767204,1.66067244846378,0.47934611671781,-2.68696218236019,-0.00329022212114062,0.49172809412062
2.26305205767204,1.26540200407761,0.304757050559432,1.02576355613868,-0.000486500819694682,0.49172809412062
2.26305205767204,2.21637937138069,0.196822316359916,-6.1643020843627,-0.00249175350641841,0.49172809412062
2.26305205767204,2.16196384874085,0.184978996426571,-3.62922473113386,-0.00278495676477808,0.49172809412062
2.26305205767204,2.08753328104825,0.174754834400154,-2.65403349851792,-0.00279575899300175,0.49172809412062
2.26305205767204,2.17771058799131,0.171344319274392,-3.92968396312586,-0.00224687176625292,0.49172809412062
2.26305205767204,2.280669795194,0.17475174201539,-5.67527631339532,-0.00273695930952276,0.49172809412062
2.26305205767204,2.28311344224174,0.0763250536488414,-3.14536977861947,-0.00280247810956007,0.49172809412062
2.26305205767204,2.52552187103262,-0.0161288166975957,-3.8753597172218,-0.00260011966281677,0.49172809412062
2.26305205767204,2.40750844873101,0.04769240400905,-4.82706182970865,-0.00229996128252827,0.49172809412062
2.26305205767204,2.17594007751829,0.231924618422107,-4.61147123502066,-0.00337994181974222,0.49172809412062
2.26305205767204,2.15309102790984,0.134111868619303,-2.30786849237804,-0.00273612922966023,0.49172809412062
2.26305205767204,2.18845407304341,0.175294539838031,-3.04256307401524,-0.00322963803007872,0.49172809412062
2.26305205767204,2.3235736244272,0.0289840821971103,0.132052002292038,-0.00290270620539397,0.49172809412062
2.26305205767204,2.0965861859479,0.206136357715607,-2.98692591419845,-0.00243207994451015,0.49172809412062
2.26305205767204,2.09859166565511,0.102074977640489,-4.88719777114604,-0.00178749608405345,0.49172809412062
2.26305205767204,1.86156460223673,0.332147144541656,-4.92412483246268,-0.00217301381375527,0.49172809412062
2.26305205767204,2.02884187469307,0.18354537236838,-2.98355434199547,-0.00296560912623106,0.49172809412062
2.26305205767204,2.35553319292628,0.0145341623568301,-5.82063186102107,-0.00193027927172573,0.49172809412062
2.26305205767204,2.18098832859672,0.113788255997712,-1.71078306414455,-0.00293694374037222,0.49172809412062
2.26305205767204,2.12720424360109,0.209295166885556,-3.23156709893124,-0.00242568942857084,0.49172809412062
2.26305205767204,1.86565355734826,0.210514459059906,-0.68836762278189,-0.00253735239024136,0.49172809412062
2.26305205767204,2.33362167457988,0.12793979569444,-4.65687938988452,-0.00343018101663541,0.49172809412062
2.26305205767204,2.22160273449879,0.126189345045521,-2.26810006983822,-0.00291321391899544,0.49172809412062
2.26305205767204,2.5862043356586,0.104160851359049,-4.08890882753841,-0.0033822364477935,0.49172809412062
2.26305205767204,2.27380720439023,0.132998159410456,-2.72992278470269,-0.00281886632931834,0.49172809412062
2.26305205767204,2.20039970789865,0.132413580485114,-4.45066085164571,-0.00236369093450525,0.49172809412062
2.26305205767204,2.31960272630025,0.155199382487426,-5.48492696117035,-0.00255542741895532,0.49172809412062
2.26305205767204,1.87150543933737,0.186329608712522,-0.787330410194595,-0.00226614021773452,0.49172809412062
2.26305205767204,2.27059737298069,0.0851274065486372,-3.74227135191654,-0.00253760835993543,0.49172809412062
2.26305205767204,2.59352363617461,0.0122462271093596,-4.07314821994861,-0.00322184995440849,0.49172809412062
2.26305205767204,1.99683106262109,0.242710015388059,-4.2252686177787,-0.00243733215429468,0.49172809412062
2.26305205767204,2.21312335671631,0.177740772892431,-5.29240360874383,-0.0027083498386447,0.49172809412062
2.26305205767204,2.22694150749562,8.27836279315639e-05,-1.55120305396811,-0.00207869370225391,0.49172809412062
2.26305205767204,2.01415192784772,0.254307678112954,-3.29605888366498,-0.00291570324392333,0.49172809412062
2.26305205767204,2.0838996936352,0.200094108550883,-5.95145697448112,-0.00190725356014535,0.49172809412062
2.26305205767204,1.90627147966426,0.249078366654867,-8.4304978477242,-0.00164593086067893,0.49172809412062
2.26305205767204,2.4064799131152,0.10767724682371,-7.75169769171458,-0.00253745412194965,0.49172809412062
2.26305205767204,2.10612754629065,0.119052606221485,-6.98951866518819,-0.00145819656740198,0.49172809412062
2.26305205767204,2.0169802176578,0.195593101385842,-3.53729490678809,-0.00238510944283926,0.49172809412062
2.26305205767204,1.93003820767072,0.309780969491807,-4.85313070854762,-0.00272001902164831,0.49172809412062
2.26305205767204,2.12647553103217,0.131478190990483,-2.57034429232102,-0.0027081338017155,0.49172809412062
2.26305205767204,2.67683207682423,0.0100579372155359,-4.46206857051159,-0.00341203766511745,0.49172809412062
2.26305205767204,2.02036990686567,0.296484976672096,-3.71836084547703,-0.00246095785053667,0.49172809412062
2.26305205767204,1.68518077287552,0.33127067599293,-5.54096171991937,-0.00125486898407496,0.49172809412062
2.26305205767204,1.99925085476449,0.148579751747813,-1.23948652565321,-0.00247495066537074,0.49172809412062
2.26305205767204,3.05528922882003,-0.0452738745700637,-6.21632481083783,-0.00446424735849536,0.49172809412062
2.26305205767204,1.53720924570057,0.328105009352189,-1.61240986560065,-0.00186368900328727,0.49172809412062
2.26305205767204,2.37544647824301,0.138540664702939,-4.34416403739079,-0.00341101617918407,0.49172809412062
2.26305205767204,1.64077529958488,0.274323710303829,-4.99656202644871,-0.00131625648926716,0.49172809412062
2.26305205767204,2.04468022633248,0.143139519680773,-4.78715524442391,-0.00219901657243904,0.49172809412062
2.26305205767204,2.7962825873028,0.0121719758240791,-6.26466342369376,-0.00390096079405306,0.49172809412062
2.26305205767204,2.0067924608543,0.294807271220971,-3.66146946674747,-0.00286327952642973,0.49172809412062
2.26305205767204,1.95488660412982,0.249846809876212,-1.34547947340968,-0.00305071208052476,0.49172809412062
2.26305205767204,2.1892111096466,0.12094049904214,-5.71389584400283,-0.00174211902201925,0.49172809412062
2.26305205767204,1.38002688922269,0.427672377824149,0.892564073087888,-0.00187296731674239,0.49172809412062
2.26305205767204,1.99884801890713,0.193638037053667,-2.74571066530901,-0.00192603485904842,0.49172809412062
2.26305205767204,2.36928211540431,0.103839225654405,-5.64839431509158,-0.00282155217998289,0.49172809412062
2.26305205767204,2.28214524706722,0.242341833221642,-6.70252484719131,-0.00322009633771595,0.49172809412062
2.26305205767204,2.18935106240281,0.152774176077626,-4.02310282127359,-0.00263717967722022,0.49172809412062
2.26305205767204,2.26925088191567,0.164330614823163,-3.57546653873131,-0.00311618375572832,0.49172809412062
2.26305205767204,1.87080194231605,0.152848055575288,-2.22462865701628,-0.00183491368765729,0.49172809412062
2.26305205767204,2.25042077772302,0.175497581249357,-3.09048456340499,-0.0033800133899823,0.49172809412062
2.26305205767204,2.16139027867066,0.219787689512529,-4.28500524153365,-0.0024304810326637,0.49172809412062
2.26305205767204,1.94052385303755,0.250766114785881,-1.15827729559487,-0.00274992119324324,0.49172809412062
2.26305205767204,2.15499704897953,0.244954657740308,-4.111136784713,-0.00359877110596805,0.49172809412062
2.26305205767204,1.81912767809494,0.200423278401148,3.07223466572874,-0.00291077377300436,0.49172809412062
2.26305205767204,1.99281392883702,0.207540051094358,-5.25282720352634,-0.00202366688842338,0.49172809412062
2.26305205767204,1.86459640247205,0.220700254807598,-4.79697463962919,-0.00194883887962691,0.49172809412062
2.26305205767204,1.48523156457412,0.34306785072216,-3.58734793617315,-0.00113433095948523,0.49172809412062
2.26305205767204,2.40279898473786,0.0819648241299612,-6.59076480121547,-0.0024517225142146,0.49172809412062
2.26305205767204,2.28922434774335,0.112051746359629,-5.68016806723434,-0.00265732566752969,0.49172809412062
2.26305205767204,1.797106615121,0.160197342967488,0.870943133143638,-0.00167308013301146,0.49172809412062
2.26305205767204,1.57379723019888,0.357322616261409,-2.22909355733248,-0.00224395685070451,0.49172809412062
2.26305205767204,2.26070079944312,0.166612662209616,-3.01835516927762,-0.00301139256934416,0.49172809412062
2.26305205767204,2.44852325555923,0.102445182009295,-5.00585446646971,-0.00301534113840293,0.49172809412062
2.26305205767204,2.41759794655666,0.1678611000652,-7.67979963751852,-0.00301074145113403,0.49172809412062
2.26305205767204,2.16901950658182,0.0368528797347432,-3.00539106893708,-0.00170652879560049,0.49172809412062
2.26305205767204,1.94727850449829,0.246746903150612,-6.92714426960863,-0.00202486932748595,0.49172809412062
2.26305205767204,2.48375458798961,0.0795634613378759,-4.36717787785124,-0.00338711324771592,0.49172809412062
2.26305205767204,2.34267137761816,0.111298571415837,-4.3839841333585,-0.00308124464034782,0.49172809412062
2.26305205767204,2.22315552872607,0.151553186879476,-5.74038864148657,-0.00212407371839475,0.49172809412062
2.26305205767204,1.11713730047001,0.4956940259552,-0.41123198734894,-0.0010952358785506,0.49172809412062
2.26305205767204,2.65451315177536,0.181882359914561,-6.51430069691813,-0.00451079171430574,0.49172809412062
2.26305205767204,1.85764105781045,0.352450908674767,-6.28220181334646,-0.00220959547432026,0.49172809412062
2.26305205767204,1.54254354974635,0.468422530426037,-3.27619674734016,-0.00200850809385602,0.49172809412062
2.26305205767204,1.86583037691203,0.238570373579908,-2.52148098703504,-0.00179658515446345,0.49172809412062
2.26305205767204,2.49980136161169,0.0102435383663933,-3.09092663084598,-0.00367057536825276,0.49172809412062
2.26305205767204,2.46644691514973,-0.0343726655968501,-3.96064232479217,-0.0025906982879113,0.49172809412062
2.26305205767204,2.05882352906797,0.100114487560872,-4.19561666643932,-0.00172541562748883,0.49172809412062
2.26305205767204,1.81198814550394,0.123553441398839,-2.31374063244033,-0.00113134044095153,0.49172809412062
2.26305205767204,2.25218960194799,0.0651262512697614,-2.59239025747305,-0.00243553250140405,0.49172809412062
2.26305205767204,1.69267100531495,0.333111465063087,-1.79130127980102,-0.00181058862589276,0.49172809412062
2.26305205767204,2.23315129868289,0.19191711380149,-3.51545820560387,-0.00269488327868778,0.49172809412062
2.26305205767204,1.74661069036942,0.31820930121108,-6.04073837099024,-0.00145967663104036,0.49172809412062
2.26305205767204,2.64119623521262,0.0800647334879862,-3.90484436140808,-0.00420323174349547,0.49172809412062
2.26305205767204,1.9095451220661,0.285205421095982,-4.57389826074374,-0.00231288108486317,0.49172809412062
2.26305205767204,1.66298503094779,0.395304454537534,-3.61948003807762,-0.00265426702722282,0.49172809412062
2.26305205767204,2.41435629551157,0.122904585179573,-3.16864089029194,-0.00349967029566847,0.49172809412062
2.26305205767204,2.13359308334073,0.110981012713085,-2.91169919536419,-0.00227637568963204,0.49172809412062
2.26305205767204,2.51113610504084,0.0737832512603423,-4.64491444485751,-0.00326197168410298,0.49172809412062
2.26305205767204,1.75263890225058,0.188831927966834,-3.07069213739245,-0.00143990981685194,0.49172809412062
2.26305205767204,2.40200485088966,-0.100540323890947,-4.7618223248284,-0.00166842123431233,0.49172809412062
2.26305205767204,1.88028003589024,0.318416875238125,-7.13044068519777,-0.0020535011826575,0.49172809412062
2.26305205767204,2.37520339904341,0.144369925075377,-4.89695348194027,-0.00312316293681775,0.49172809412062
2.26305205767204,2.25931562192575,0.0549530019136864,-1.69147036819584,-0.00308452866069868,0.49172809412062
2.26305205767204,2.19616807236824,0.207130448078627,-5.22169463186195,-0.00241238282669637,0.49172809412062
2.26305205767204,2.25535556672594,0.191109696448333,-2.70931600634024,-0.00332566282032787,0.49172809412062
2.26305205767204,1.95351464573163,0.185973995573545,-2.57172672611974,-0.00209532710279303,0.49172809412062
2.26305205767204,2.24158937536231,0.117525980377714,-1.80996525661178,-0.00296422341291106,0.49172809412062
2.26305205767204,2.40059790514399,0.21221758227897,-3.09056525026322,-0.00404892679786327,0.49172809412062
2.26305205767204,2.1012380875399,0.18193475454032,-7.28095137602678,-0.00201932086597191,0.49172809412062
2.26305205767204,2.13469857496895,0.270809278898139,-2.12707830083233,-0.00330453015865503,0.49172809412062
2.26305205767204,2.09271393327322,0.123145324120832,-0.606845693438939,-0.00254814907034444,0.49172809412062
2.26305205767204,2.15134811671116,0.138823784353535,-5.02002052701623,-0.00221477134446637,0.49172809412062
2.26305205767204,2.22888391382949,0.192197086353679,-5.59919781592818,-0.00287058411288575,0.49172809412062
2.26305205767204,1.88471007452823,0.186465791187814,-3.97389965196494,-0.00149140135451755,0.49172809412062
2.26305205767204,2.28289492209095,0.0900046220328469,-3.879504131375,-0.00218143040211577,0.49172809412062
2.26305205767204,1.71130893490995,0.269628754336675,-4.78945664795471,-0.00132273881856315,0.49172809412062
2.26305205767204,2.06665420451379,0.213778996525331,-5.76591908133656,-0.00232872007520935,0.49172809412062
2.26305205767204,1.79205428040705,0.146442870378563,-3.93475479665646,-0.000326150103107216,0.49172809412062
2.26305205767204,2.17471236644696,0.261096855587116,-7.23269775923479,-0.00227820690896149,0.49172809412062
2.26305205767204,1.75464393748354,0.331228511628261,-2.23418645069108,-0.00261076252135132,0.49172809412062
2.26305205767204,1.82757300390836,0.319215986918408,-2.33210028661013,-0.00266822359810586,0.49172809412062
2.26305205767204,2.32838460223116,0.153345060456586,-1.34141481084195,-0.00342245829231773,0.49172809412062
2.26305205767204,2.04305513706913,0.130278565448283,-3.48924728756535,-0.00200038506669788,0.49172809412062
2.26305205767204,2.17612118906224,0.138033761318626,-5.52789382730523,-0.00241148992551517,0.49172809412062
2.26305205767204,2.78671297028411,0.0214723902040029,-8.24321942530642,-0.0032951180982452,0.49172809412062
2.26305205767204,2.1321840000873,0.117027056780659,-3.15649014832954,-0.00260836707835628,0.49172809412062
2.26305205767204,2.00477724038235,0.238536442137836,-4.93103212867042,-0.00177627463869751,0.49172809412062
2.26305205767204,2.3534762416244,0.0769072709532501,-7.68015428994076,-0.00220032219436866,0.49172809412062
2.26305205767204,1.72609923941466,0.366192043288155,-3.87157342597251,-0.00166789817760191,0.49172809412062
2.26305205767204,2.0877610481947,0.171079652292138,-3.41860807440818,-0.00288490428491213,0.49172809412062
2.26305205767204,2.51538125015378,0.0434629010495044,-5.0901592476374,-0.00303797103465547,0.49172809412062
2.26305205767204,1.56409392670524,0.350002389525787,-1.4032869092629,-0.00184537717673501,0.49172809412062
2.26305205767204,2.25238844282479,0.0458407260040372,-3.12292358128205,-0.00204767839387227,0.49172809412062
2.26305205767204,1.86177305097714,0.272235704209588,-3.52590110404665,-0.00252300188234936,0.49172809412062
2.26305205767204,2.40811255447342,0.0996932893335162,-3.65506148469734,-0.00291693461095799,0.49172809412062
2.26305205767204,1.81086783429337,0.179223067117616,-0.723932011313246,-0.00158149792078594,0.49172809412062
2.26305205767204,2.4973829158222,0.119754324600404,-6.30933328440553,-0.00319847662232953,0.49172809412062
2.26305205767204,2.33269743641839,0.220868486915904,-3.19591853584704,-0.00391556795601657,0.49172809412062
2.26305205767204,2.14690221851701,0.17294007287558,-3.00570371418358,-0.00297330600716445,0.49172809412062
2.26305205767204,2.75322535590623,-0.0618091743379716,-5.76218315404268,-0.00289259944299079,0.49172809412062
2.26305205767204,1.89335624140949,0.405664681796859,-5.37891638971036,-0.00259041382156076,0.49172809412062
2.26305205767204,2.09103846236658,0.237917241727478,-4.67699325479844,-0.00217591350742288,0.49172809412062
2.26305205767204,2.27402837961684,0.124836296648031,-1.67040811948536,-0.00303399380078936,0.49172809412062
2.26305205767204,2.25841762624832,0.191599802664599,-3.66458987585497,-0.00381250655818906,0.49172809412062
2.26305205767204,1.75559738258336,0.246228661443018,-3.77546314461309,-0.00135355934835666,0.49172809412062
2.26305205767204,1.89129392922418,0.187344993246712,-4.11202645873614,-0.0018034834994689,0.49172809412062
2.26305205767204,2.59920366974546,-0.00833059062644625,-5.84074658798279,-0.00260241513620135,0.49172809412062
2.26305205767204,2.11613697753038,0.141948121877487,-4.6461098732116,-0.00208409083738102,0.49172809412062
2.26305205767204,2.05964420178145,0.164268052909858,-3.23933211570841,-0.00223090957900727,0.49172809412062
2.26305205767204,1.57282908413773,0.461871646504643,-1.89703877539443,-0.00259717183317499,0.49172809412062
2.26305205767204,1.94050997006276,0.296139602590019,-5.54371007787824,-0.00216333745211881,0.49172809412062
2.26305205767204,2.501824033284,0.16589405341376,-7.22385506699814,-0.00366918955241883,0.49172809412062
2.26305205767204,2.41079652000152,0.136246994557377,-4.56557346811763,-0.00361945909733157,0.49172809412062
2.26305205767204,2.07332949529828,0.166931871554505,-3.00042410575119,-0.00235067711614428,0.49172809412062
2.26305205767204,2.14232128978893,0.16864867842282,-0.856863443856374,-0.00323841614830917,0.49172809412062
2.26305205767204,2.56158297174682,0.0108193455631367,-0.607641371547422,-0.00382266221982995,0.49172809412062
2.26305205767204,2.52188034735425,0.0268062345542652,-2.55771495360972,-0.00332749428775999,0.49172809412062
2.26305205767204,1.87100207713938,0.200325640354449,-4.5478821087157,-0.000928179864040707,0.49172809412062
2.26305205767204,2.41039581516754,0.0385032842723252,-1.63323627654587,-0.00308515924216366,0.49172809412062
2.26305205767204,1.96362040520109,0.245964123753407,-6.56779082090464,-0.00153426060013141,0.49172809412062
2.26305205767204,1.34290281657752,0.571765999498391,-4.18915442201278,-0.0014249353762018,0.49172809412062
2.26305205767204,2.31897404659793,0.09865097288765,-1.96295654168997,-0.00318124757402873,0.49172809412062
2.26305205767204,2.08665574330911,0.257381798901704,-5.20850808825944,-0.00287257185841876,0.49172809412062
2.26305205767204,2.22372268930194,0.166637467674301,-5.12679958821962,-0.00246353496270455,0.49172809412062
2.26305205767204,1.56437072838449,0.313789522044414,0.983039174172404,-0.00222968131118987,0.49172809412062
2.26305205767204,2.2222466745251,0.105521315879655,-2.1565241460452,-0.00275721965412257,0.49172809412062
2.26305205767204,1.87238136118121,0.267181823874015,-3.76666247106425,-0.00212516608468445,0.49172809412062
2.26305205767204,2.20928671054218,0.178613550150803,-2.50201586792838,-0.0027673090057331,0.49172809412062
2.26305205767204,2.0032787789176,0.248810679181992,-4.1188203953367,-0.00274527435598872,0.49172809412062
2.26305205767204,2.39182392645015,0.095234171943745,-3.11519471965033,-0.00319078112658206,0.49172809412062
2.26305205767204,1.80793785047517,0.317895516769969,-5.47662273910227,-0.00250709330961996,0.49172809412062
2.26305205767204,1.7704996481757,0.283812481540343,-2.93330404977161,-0.00158553418795125,0.49172809412062
2.26305205767204,1.92438838685656,0.320455171119419,-4.76864798978548,-0.0025189685945394,0.49172809412062
2.26305205767204,1.57230635299697,0.382788961269004,-0.00474466812925645,-0.00269516269122445,0.49172809412062
2.26305205767204,1.99839158980289,0.255062939188427,-6.74555610643866,-0.00226277344304838,0.49172809412062
2.26305205767204,2.12648057531933,0.122302928162001,-3.83092838308529,-0.00188979599556614,0.49172809412062
2.26305205767204,2.00755862735249,0.333067015326696,-7.25619034030202,-0.00213467602117656,0.49172809412062
2.26305205767204,2.01032335960386,0.228576823151709,-2.62538959378569,-0.00292859187839344,0.49172809412062
2.26305205767204,2.65547236094721,0.0208282071278695,-7.39222941085195,-0.00289757564194133,0.49172809412062
2.26305205767204,2.24755439827114,0.167306457522686,-5.15178930707748,-0.00264281129697461,0.49172809412062
2.26305205767204,2.21416180644602,0.114481198297721,-3.25453327171623,-0.00284951412030171,0.49172809412062
2.26305205767204,2.04923193612065,0.0530992063720023,-3.15720909910219,-0.00170900712383862,0.49172809412062
2.26305205767204,2.20565444836057,0.222322381927565,-6.28538478429522,-0.00262884916015165,0.49172809412062
2.26305205767204,2.51521389337171,0.0783533965228297,-6.1818304536721,-0.00347167849381464,0.49172809412062
2.26305205767204,1.63080106877355,0.349633860272674,-3.12579986565546,-0.00127644752171891,0.49172809412062
2.26305205767204,2.0592436207577,0.257909187672348,-4.6600455919217,-0.00275570394511001,0.49172809412062
2.26305205767204,2.23042135993312,0.190856508387298,-5.50332314103509,-0.00238786615742094,0.49172809412062
2.26305205767204,2.49002443934699,-0.0551129957837133,-5.72369038433465,-0.00213332674786852,0.49172809412062
2.26305205767204,2.22230077729308,0.191342658892741,-4.13757170612997,-0.00326803608431262,0.49172809412062
2.26305205767204,2.15260515088391,0.139137257009279,-3.14641358926882,-0.00227504583718515,0.49172809412062
2.26305205767204,2.2717422222386,0.1075896409628,-2.29914836462615,-0.00289890417740709,0.49172809412062
2.26305205767204,1.82524425330577,0.244744995105325,-1.62188188764652,-0.0021188717036551,0.49172809412062
2.26305205767204,1.83623041323866,0.217009407993295,-4.36667027916293,-0.00136183811615836,0.49172809412062
2.26305205767204,1.7404457171961,0.253500943096102,-1.56325476817259,-0.00211980709939432,0.49172809412062
2.26305205767204,2.07622655386405,0.21836496053776,-1.2369991989138,-0.00349968788856674,0.49172809412062
2.26305205767204,1.83298725600486,0.247472208870133,-2.51643957905458,-0.00240455481996044,0.49172809412062
2.26305205767204,2.29616790186779,0.0942677777595804,-5.9580569925618,-0.00236412811755152,0.49172809412062
2.26305205767204,2.45479007349636,0.0326371422435358,-5.30085288020007,-0.00224794351938657,0.49172809412062
2.26305205767204,2.1665558846124,0.165086200838815,-5.22112675665919,-0.00237310114425441,0.49172809412062
2.26305205767204,2.36771056429826,0.159447945136191,-5.71012956931389,-0.00314129914261404,0.49172809412062
2.26305205767204,2.4671139990629,0.0934613009088975,-2.86502931527879,-0.00345515005354354,0.49172809412062
2.26305205767204,2.19061739610234,0.154308500885657,-5.78641015060969,-0.0021149483398924,0.49172809412062
2.26305205767204,1.93823431506166,0.269291094823982,-4.19449037950369,-0.00231767831763753,0.49172809412062
2.26305205767204,2.04942183842936,0.205240511257743,-1.48590595849088,-0.00280814312615462,0.49172809412062
2.26305205767204,2.23877631210615,0.193468606295867,-5.35744384347178,-0.00310867213459482,0.49172809412062
2.26305205767204,1.84159110412154,0.339615488428517,-3.10264089986121,-0.00275862403648389,0.49172809412062
2.26305205767204,1.91152048252397,0.226379710100764,-3.24825213975852,-0.00176284947293351,0.49172809412062
2.26305205767204,2.02147348631597,0.29165145755528,-4.50681109936345,-0.00267442389350276,0.49172809412062
2.26305205767204,2.18405399477305,0.119560189560997,-5.20130278525319,-0.00191644528713106,0.49172809412062
2.26305205767204,1.93267588402955,0.150204646772617,-3.22731110132847,-0.0020245819348732,0.49172809412062
2.26305205767204,2.12648057531933,0.122302928162001,-3.83092838308529,-0.00188979599556614,0.49172809412062
2.26305205767204,2.38512073831257,0.0902232156780088,-7.03249822219512,-0.00249518155530755,0.49172809412062
2.26305205767204,2.41886768083797,0.045492267917998,-5.41462945030201,-0.00242330463829323,0.49172809412062
2.26305205767204,1.44571219989547,0.410795146391694,0.359246242522288,-0.00208543381862956,0.49172809412062
2.26305205767204,2.48889978878553,-0.00481812455456833,-4.34286297609253,-0.00316240484219366,0.49172809412062
2.26305205767204,2.21416180644602,0.114481198297721,-3.25453327171623,-0.00284951412030171,0.49172809412062
2.26305205767204,2.27518502739445,0.0481339879004278,-8.20720102093128,-0.0015243791769367,0.49172809412062
2.26305205767204,2.23534414211585,0.181475479479567,-4.78648839463494,-0.00267761958662926,0.49172809412062
2.26305205767204,2.45965283143909,0.126577367318014,-5.16939341560029,-0.00241917476536147,0.49172809412062
2.26305205767204,1.92150231574698,0.237765860510665,-2.09600413906752,-0.00295023362405346,0.49172809412062
2.26305205767204,2.20509144090758,0.179478646999187,-2.65484970031948,-0.00331108056641993,0.49172809412062
2.26305205767204,2.00736337540537,0.15541557993204,-4.53462093176441,-0.00199616409535558,0.49172809412062
2.26305205767204,2.35289645569438,0.155480275666405,-4.76724620188392,-0.00266587081364352,0.49172809412062
2.26305205767204,2.32653376079536,0.126809165653287,-1.49273520832896,-0.00338642683733049,0.49172809412062
2.26305205767204,2.34019438098203,0.0532366615293388,-6.18529600318977,-0.00236887773634279,0.49172809412062
2.26305205767204,1.50625554876193,0.402125674156859,-3.56839994485689,-0.00175813075885215,0.49172809412062
2.26305205767204,2.3465320947282,0.145459882413077,-5.84712566526295,-0.00291533001568109,0.49172809412062
2.26305205767204,2.25914382946786,0.125694778850808,-5.12022137931944,-0.00244005491211076,0.49172809412062
2.26305205767204,2.43369359510102,0.112651722931619,-2.43683353963225,-0.00338374475377769,0.49172809412062
2.26305205767204,2.30750348112912,0.136009613998901,-5.50511619873962,-0.00249305056276062,0.49172809412062
2.26305205767204,2.44837793672237,0.0106668929234734,-4.5412974288414,-0.00298381264058482,0.49172809412062
2.26305205767204,1.60432077035471,0.423825740252529,-0.172251923843645,-0.00259240134999254,0.49172809412062
2.26305205767204,1.70141120759376,0.257256426484011,-4.66220746352803,-0.00144926208628553,0.49172809412062
2.26305205767204,1.9358528320393,0.175033278903706,-0.404867176671764,-0.00227044467455222,0.49172809412062
2.26305205767204,2.40463819858395,0.03524070929984,-4.50997637722939,-0.00167657272398826,0.49172809412062
2.26305205767204,2.04929750462091,0.196123853252745,-5.04692928295824,-0.00223024489156854,0.49172809412062
2.26305205767204,2.52661645459728,0.0576288881054005,-2.83833267262535,-0.0031915949614118,0.49172809412062
2.26305205767204,2.07465894480682,0.0466470296343995,-0.214359364932216,-0.00202443353424167,0.49172809412062
2.26305205767204,1.63437794617614,0.347772666274904,-4.79604116282047,-0.00195196151605821,0.49172809412062
2.26305205767204,2.02417921315957,0.102143458350491,-1.99910968612033,-0.00191055513713052,0.49172809412062
2.26305205767204,2.02581667970343,0.213782556481472,-4.43246900086358,-0.00263254245645963,0.49172809412062
