"V1","V2","V3","V4","V5"
2.52094429899849,0.139954696202858,-3.8305373887301,-0.003915113800306,0.531238470416532
1.60057516334094,0.278950000341178,-2.55550806356111,-0.00156602685426908,0.484630420645919
1.71747920169996,0.327253442020608,0.94801678699047,-0.00295229950518268,0.51159240577516
2.24924248966455,-0.00100796039540164,1.62057945287003,-0.00337913934068147,0.463047771596068
2.33655361921191,0.112667723978254,-5.20700817264547,-0.00257111138235872,0.509404073194766
2.24215965669549,0.157291230824989,-4.06742958347943,-0.00350760197083932,0.478653670438875
2.32990488691537,0.134470409110456,-6.11431302287505,-0.00305492998022787,0.556024464808641
2.7204853892564,-0.0305979898200276,-4.93470708707852,-0.00367787956767001,0.526876805105202
2.42090517407618,0.0594475167574158,-7.53249836822941,-0.00254039144752955,0.51460763379196
2.08717186377084,0.160056494356356,-1.48472706255722,-0.00292861938379084,0.544305200102316
2.00213201097498,0.0931898960318537,0.603337278626676,-0.00188369570078771,0.493613209507488
2.54486423988111,-0.093464418449372,-1.56351453305731,-0.00334976608409475,0.502770837412158
1.7436488515633,0.209147570303564,-3.90816095399425,-0.00165724423410235,0.47670187253495
1.95602438880931,0.252525556821901,-2.03086458557181,-0.0028924355934778,0.420697188032903
1.92428717692047,0.266197318066021,-3.16375465175055,-0.00249049869107886,0.437042637357508
1.91124257453569,0.162258263597026,-2.88298855300149,-0.00163403563087495,0.575614634717695
2.2235459671133,0.15769005073269,-3.83962661181698,-0.00269411304363063,0.48977875973101
2.30837330700662,0.136831836549715,-3.87348786117832,-0.0030016879564222,0.521950699825667
2.39057792227846,0.105399210016843,-4.91357547205909,-0.00262269366675988,0.468282253195727
2.29956058507726,0.127536927121504,-6.31828630446897,-0.0025526381817027,0.557338746312566
1.82244837819782,0.05331003154934,-1.51881254885481,-0.000807975371885068,0.484717056420478
2.07716935315661,0.329305113045876,-4.09210473833576,-0.0033110248735803,0.551637111532287
1.60154206724422,0.175910849308733,-1.19789459622654,-0.000963414501100124,0.540475081414127
1.72305590111061,0.260578460938719,-3.74333573732993,-0.00115603346479841,0.531448326363934
2.10647304824773,0.273856920599863,-3.67189839774788,-0.00250291573222831,0.427704933932898
1.70615526965055,0.344248370455253,-1.86109532305369,-0.00200749146989087,0.490848571811662
2.11758204045587,0.0799586998884372,-2.87390703401761,-0.00175727023111584,0.570152761425575
1.57065945008679,0.476564745747437,-3.87999871301167,-0.00186969419486656,0.545947587131123
1.37445634628432,0.34969269166438,-0.965184541027899,-0.000959589877036883,0.505934738237541
2.79856060208153,-0.0727316727541019,-3.80362438934184,-0.00394995611331294,0.499798379039298
1.69463897886632,0.345996679152154,-4.04577227404475,-0.00189566884038758,0.499732507469576
2.25528179182749,0.194111863583254,-3.79371067286141,-0.00260072376077998,0.609420221043459
1.99952070931727,0.224220339335707,-6.7058828649345,-0.00197344816506689,0.511056601664745
1.62445995472921,0.212469217373541,-3.68073260431143,-0.0011881771827773,0.534778511389088
1.7580923256391,0.279942170830205,-4.27557273414703,-0.00184657252726213,0.470281458434953
2.45401293384043,0.0237638358045133,-4.19191752249485,-0.002260148665971,0.520190722634723
2.36809261024302,-0.106600596858866,-1.42851600276977,-0.00186372914230472,0.475289834840103
2.32138174316626,0.144492754470611,-5.3128546724389,-0.00280499639236052,0.482384648724372
2.34174928684698,0.128583217925695,-2.24734845892388,-0.00357227674468274,0.501400176709011
2.20713171895529,0.109664589972809,-3.99089054860648,-0.00251122568926713,0.482058595079361
2.2764737194051,0.0704966662205509,-5.10583633094442,-0.00219735854850627,0.522771774930822
2.22824542860796,0.226690677486091,-5.74383376778261,-0.00287830882284628,0.495745039017382
1.82018656719876,0.143380298073023,-2.01845161809861,-0.00169953759946329,0.468005342495382
1.9309982486964,0.237187363764069,-9.20716811134177,-0.00156677017609528,0.595063522110578
2.66827047530493,-0.00267885611131599,-4.02244274060122,-0.00362086863695553,0.534276517232961
2.50526350810213,0.0886421664338003,-7.82479559596683,-0.00278033507523563,0.486462672694008
1.6015639489464,0.368321723876772,-6.33266504633283,-0.0011515069852781,0.535203672031253
2.40587843786687,0.20188396064667,-3.38732418718248,-0.00423234367754165,0.443172821721078
2.11842889657783,0.143413070157149,-3.14543968044244,-0.00259458692537151,0.485692146945616
1.73417032323641,0.134698963396447,-4.9484680610043,-0.00042952464138988,0.410659917082537
2.55066739465651,0.0641332304744002,-6.48959330288871,-0.00322379328973881,0.462729909176774
1.9200600723149,0.361580771371578,-2.07489787549636,-0.00351061778826299,0.459389043727376
2.03283552572967,0.132194992835267,-2.21806825234049,-0.00226323950423587,0.517289645880985
2.2437959991158,0.170156461680741,-7.70957283870278,-0.00226723149516002,0.462325052602636
1.48894673103936,0.388022976387329,-2.81446080580701,-0.00172064304540637,0.532268663936436
2.33968057184109,0.0575504642638346,-4.88506369839881,-0.00233483546653791,0.524984256315541
1.75017393746251,0.132297357110922,-3.82279143700706,-0.00050978333649489,0.645258995890689
2.42655796019875,0.126633902136596,-1.46873085329387,-0.00413706671886764,0.471708529604777
2.12157033194921,0.252533893601683,-3.49010355091405,-0.00293770563794421,0.452739701355204
1.71489238482583,0.232080487711403,-0.528849486895709,-0.0017504084997532,0.500117812105533
2.33712328512399,0.167420981821707,-2.1168268455868,-0.00320748404462465,0.436826445910906
2.57528944114471,0.0660098827553705,-3.91547466233385,-0.00372442175358728,0.553837062819537
1.67839434971955,0.470289606310763,-5.39237293752481,-0.00248424053000628,0.533744910479136
2.66054089154117,0.0418645438357774,-4.17829726266554,-0.00364340188020706,0.440350142325969
2.12377799890682,0.224747409900695,-3.23031399949294,-0.00299492618586466,0.435592211776472
2.23885508833687,0.046966445287125,-3.90736572910103,-0.00173563156015828,0.481450434588982
2.5276572669666,0.0977759553169541,-6.23111952168547,-0.00315113238078717,0.485956105792035
1.5970111740324,0.244283312220693,-3.07903546834234,-0.000464068985165948,0.504976553961949
2.16666357940022,0.139465247741563,-7.11395155098318,-0.00188823521378057,0.508239237427175
2.4404105122402,0.0405855823285572,-4.68081084178053,-0.00255890739358936,0.500591339037873
1.7595508935614,0.245821653779234,-4.60654418532343,-0.00112371322949331,0.490019917912697
2.03462679509928,0.16014593629739,-3.36071920486697,-0.00228604854919265,0.475873872720746
2.12076576443131,0.232304561951301,-5.05406811636197,-0.00213275375668066,0.49954498876057
2.57313749309938,0.0159815501649165,-5.39895489436052,-0.00292133798475618,0.486056665902767
2.82049788890046,0.016918503165469,-5.21531013272621,-0.00388315273724385,0.473264503950796
2.4265811368071,0.133863509966966,-2.84795087532386,-0.00356496618720087,0.489733320002382
2.15933070357728,0.162926034142355,-3.48324979420884,-0.00267397313465846,0.467159775576203
2.23322742536456,0.107725105012008,-2.12378101387604,-0.00263406177896984,0.474422143831017
1.97842335140106,0.270747480175795,-5.10866861233433,-0.00224469936375276,0.503274814971481
2.3737550003037,0.171963087029875,-5.67205034084015,-0.00354336649602676,0.597572844455773
1.88559097163145,0.21972341249371,-2.32932210087301,-0.00223226551883133,0.522942004141978
1.63795551915553,0.323292443994381,-4.1708008071602,-0.00143162029364916,0.429086834281836
1.72305590111061,0.260578460938719,-3.74333573732993,-0.00115603346479841,0.531448326363934
2.5737105607284,0.115500834855046,-3.72872497538628,-0.00430210157924401,0.488262382865435
1.87671766691617,0.344585977833397,-6.11128300676927,-0.00245539050385387,0.441430370187704
2.61875898115802,0.0417052503059909,-6.7052951420766,-0.00324589368573861,0.533569827049262
2.03878335202408,0.181347910924204,-2.95096228654013,-0.00284979646155523,0.47940673797753
1.40708936776813,0.424870812991509,1.34623207225101,-0.00245036126750826,0.503787570953538
1.80966487718779,0.338222073772051,-5.03231256806929,-0.0020352048280803,0.496364628641836
2.33946545865933,0.0687587034182295,-2.11013685962849,-0.00311035697313973,0.421540377308569
1.50042423945758,0.417852432182188,-4.82385194921502,-0.00166921271500506,0.454022836008796
1.93470802314744,0.184042869169028,-5.53623888132661,-0.00185870289464022,0.494246703275884
2.27168363273202,0.0702248711116913,-4.18593217325247,-0.00245539634835683,0.493422079731978
2.47845463768993,0.0847148050203483,-3.12083269028949,-0.00349848460119394,0.503265464667089
2.09074191244413,0.382053060419899,-4.54336047372259,-0.00345822165157539,0.620199581981724
1.95356756462484,0.194855961290106,-2.72486890429272,-0.0023793190850884,0.464917774503096
1.71742524714153,0.252716292395985,-2.18530709893126,-0.00158440906787592,0.505493559659658
2.50531199892117,0.173115977536872,-3.49882821749738,-0.00393749252219557,0.511296665333344
2.40744046290326,-0.0218736473809815,-2.35527083456886,-0.0026380233391239,0.484556063872905
2.07165967088617,0.26037508499516,-2.10678500602882,-0.00355516248547374,0.521869717320287
2.50332343048909,0.0869127000221962,-2.80771368971908,-0.00387820485492551,0.43735337930626
1.31133116174887,0.441609482533315,-1.14353070945057,-0.0011681773437318,0.492979260589773
1.85370007897479,0.092040251513076,-5.7119574100289,-0.000758259486822735,0.546557868855794
2.09678682679272,0.306714647426464,-10.2787276794551,-0.00182105321314087,0.61211158657745
2.22298803499574,0.217238081742165,-4.80371134994135,-0.00354054333086628,0.584740672622386
1.66430679366217,0.257180827646568,-3.11161502424744,-0.0011580079733954,0.456511060550228
2.09264434682789,0.146102442414821,-4.09011142076904,-0.00212442866745063,0.547959859726978
2.18481247144014,0.116058986551065,-3.10349071464125,-0.00240060778145586,0.485882321117773
2.17449668383586,0.232617759414847,-3.77829300816618,-0.00309054946545138,0.49228687620983
2.3530650545823,0.292163430754904,-7.25770280590549,-0.0035985356912752,0.544956093551081
2.28107800012349,0.0194833196495115,-3.01997920268764,-0.0025058423410896,0.464369635636566
2.06861085786166,0.130127234513597,-4.58400684493548,-0.0016410235429332,0.478292821135225
1.95634767690814,0.132703559573207,-1.52684840805029,-0.00229589030740579,0.447673180063612
2.33520251009703,0.0944630888738521,-1.95286509882917,-0.00323568325887165,0.571355982726235
1.31692282226903,0.476110909046093,-1.67368409496669,-0.00121582494457583,0.492847713981758
2.12691217995756,0.224753255583209,-4.93756478655349,-0.0030314494532716,0.484517201979484
1.51420314481994,0.370489311733989,-0.879498042816096,-0.00196344693455812,0.488751632879906
1.88508150168818,0.272311770805915,-2.86149549648285,-0.002586459651417,0.48359615823339
1.61253977941902,0.370554638167879,-3.29134861638426,-0.00200820126444636,0.607826528469813
2.11479969078143,0.280591352935158,-5.73822868221364,-0.0027094630939245,0.488714145715696
2.04159742447854,0.153159965455797,-4.98052619456804,-0.00162461996638028,0.514072514430873
1.95921174240854,0.211917713199238,-4.82375276390196,-0.00231141118988676,0.502652685053515
2.33739457536542,0.0229811823718186,-5.38193678348613,-0.00252361819130526,0.532759240133524
1.612504031985,0.380678896746961,-1.19469496757432,-0.00203592826124997,0.513236152234973
1.97054787655868,0.236193747578282,-4.45398298059595,-0.00239052216122263,0.491147052598136
2.2474287609811,0.137322870644928,-5.55163552405142,-0.0026883673284309,0.487367871450393
1.7675384151824,0.34307918697574,-6.67554639355317,-0.00144160303139601,0.442572093510721
2.00029392904899,0.164904033385161,-5.50207469435966,-0.00138541986124243,0.570179779256667
2.23849321615462,0.149519756347179,-2.73368556035813,-0.00312852375824133,0.551088112587881
2.04446065399581,0.219194104420568,-3.03607273219502,-0.00286248260047679,0.465321848650242
1.81549572597455,0.328502745079237,-1.10684854023959,-0.00304577777204613,0.490773477986957
2.22162113198346,0.116761467120973,-2.84276799763689,-0.00241895026462362,0.517366854315374
2.23695763115241,0.151798308119471,-1.78572915244377,-0.00363493604818652,0.522947041125132
1.88759555795005,0.1703553971267,3.10384378722509,-0.0027550499397397,0.60155546730043
2.18891041050861,0.300698255654846,-6.74459028381316,-0.00310196903435969,0.688946253611801
2.08237370586348,0.18795489185203,-4.31417219290891,-0.00187837687635539,0.575839895581154
2.0297735643535,0.251274881512258,-4.6461030095889,-0.00262138907131522,0.502307075670092
1.85109062486223,0.215670629535558,-5.02887209074447,-0.00141308892525555,0.524299074426335
2.23732775921044,0.197665647617367,-4.85771830842893,-0.00337356661388387,0.511660980585122
1.99530759821486,0.26048003828711,-3.04626993267965,-0.00307990587164362,0.48153528958431
2.45393921394148,0.0700753482209547,-4.37667249816392,-0.00276838608599751,0.586178706662809
2.28600971415974,0.0359159168314522,-0.484158077909859,-0.00256016792805261,0.462816542261502
2.11046969233572,0.160523454329858,-5.2099503934777,-0.00185771023446464,0.472515374438712
2.50885577624992,0.107943855658584,-5.78175692420472,-0.00336993084953154,0.468045043576371
1.60341636605935,0.351490848159596,-1.55081284368233,-0.00223963303014673,0.482261421933335
2.58054489237908,-0.051630416366329,-8.76626215310634,-0.0015777345892864,0.549853628222513
2.05702467239177,0.278456021398685,-3.55221024565691,-0.00255116094786575,0.483086501308714
1.66640868527846,0.218922012243303,-3.443400791094,-0.00112125569657607,0.55779119133021
2.20396706303514,0.222028976624475,-3.61376709516555,-0.00284801591707413,0.526517642445284
2.56078659033858,-0.0379647369600201,-5.30401170084388,-0.00214678023473799,0.481043422623666
2.39911262351143,0.0727255545708516,-5.27938099110151,-0.00235393881460467,0.485430532489107
2.2978944849079,0.105128285676862,-6.02079750453141,-0.00227642311966298,0.461656422100469
2.21589719013853,0.236645395166131,-3.39229654225346,-0.00390705056917136,0.466533819363252
2.12738687113385,0.123910700614718,-2.98692388493475,-0.00285957973146497,0.504999773454092
2.59536256505237,-0.0660545526516301,-3.44822896203497,-0.00272096878032847,0.57248393770877
2.14112613065204,0.187356542659499,-2.0602866245082,-0.00299000841548139,0.512819859377652
1.99114276845462,0.319454354156049,-3.87872108677804,-0.00338550548635578,0.47287132181611
2.11753066243805,0.11824064968479,-3.38098964542175,-0.00204145862672795,0.412945969810388
2.15844811199714,0.0881385089563114,-2.75324111777767,-0.00251200638997615,0.461730845606538
1.85071244258254,0.273382360189732,-4.84469430571414,-0.00247797284258215,0.52622858189736
1.49596413119442,0.202078553823313,-1.71850560252907,-0.000879037754290807,0.496698165576508
2.47442902400402,0.121048027760266,-2.83652042193042,-0.00404345671795603,0.500388562065765
1.8483273034329,0.348482122301063,-2.52937629395227,-0.00235744392890956,0.567469090585068
2.68928283516317,-0.0725068635316228,-4.83100796848028,-0.00280772607927627,0.519570645451127
2.6926805415737,-0.0613615234569514,-5.33763202577143,-0.00268322671262182,0.507037969171251
2.0345428239548,0.0710399228423575,-0.196407670469314,-0.00199023468866676,0.511887374597358
1.80704412184477,0.200028605799067,-2.98712200334345,-0.00138437286453217,0.472466049719455
1.97136299725293,0.259363278422313,-5.47169946759153,-0.00239596532359151,0.513841772297033
2.2627321243462,0.183289128089206,-5.7199100580321,-0.00276936384991534,0.430661304634413
2.26291151380203,0.0634437801014769,-3.67387939294072,-0.0026180606647608,0.470986385756202
2.27474482941067,0.129881112556184,-2.25417980995555,-0.00342690097626343,0.57451037025775
2.41312522104702,0.064010186723768,-4.06250604873303,-0.00287908717811261,0.534289459270223
1.68660354446107,0.443663070618135,-3.55938633938666,-0.00271860580831542,0.616429921484713
1.96016829325664,0.14202482078775,-1.36385643015308,-0.00169863284266852,0.477018516373432
2.75582690963341,0.0192081142440053,-4.82944022611265,-0.00368804655180754,0.449983035539672
2.27792276950437,0.166373629278466,-5.7853724654021,-0.00265359490969704,0.464178544154449
1.98147596775586,0.22078854413403,-2.48659956881852,-0.00205786768508469,0.523804484881617
1.92345212622211,0.20060969650508,-3.93514765269247,-0.00168212496420824,0.46449686620372
1.93550419928811,0.315082609061817,-3.45126237005987,-0.00278125220038835,0.528206554353719
2.25125449768953,0.190203303589956,-7.56666601230534,-0.0026240178638308,0.495977233607868
2.35544108577065,0.0695724142660498,-0.297515103887065,-0.00358745059936241,0.554091730764598
1.6177175819012,0.25146635209116,-1.41645208753665,-0.00165031048134193,0.53254718730182
1.97316611976317,0.0758059862651516,-1.3292005335645,-0.00165653055002929,0.532410362894753
2.2116981587107,0.0686653150761712,-5.97715360073673,-0.00183179045097054,0.477761055796804
2.18145646821702,0.297127364643612,-7.47388122311707,-0.00271526293992202,0.54394259729372
2.24714926553721,0.0595648889891011,-1.76136359165091,-0.00352951609896631,0.527707489652577
1.91530130364261,0.181777908618133,-1.68882964243701,-0.00173273916622411,0.506870613631195
2.60271394000772,0.160616927009393,-5.30334973677288,-0.00419715148433583,0.489935427279885
2.62414731228258,-0.0748362322697393,-3.53758744314967,-0.00296894827579502,0.484932233360665
2.3704857182911,0.183778445390815,-3.80488559882364,-0.0036620614051198,0.524482201105537
2.23156455404707,0.16908522275052,-4.30798307638813,-0.00283163649299675,0.510717286512686
2.25982082880741,0.17426215266687,-4.7866749887954,-0.00322952276457188,0.571920236430608
1.94747111249196,0.130550092543738,-4.85512691608523,-0.00101515189763646,0.466144903051696
2.22228666374349,0.0954397538726331,-3.5538605694108,-0.00196367730956546,0.557582668881611
2.0287671515305,0.208143092488108,-2.85640469393969,-0.00236436374985005,0.465766026729314
1.95162038911259,0.215662364406689,-3.81931745292178,-0.00209364071866122,0.53183388807852
2.23787003502885,0.00651974757759505,-0.838682805626004,-0.00284399253266629,0.574784169489105
2.28309930044104,0.0611874588196562,-1.94317565017227,-0.00224385103924684,0.517143964494589
2.24749168552771,0.16409085627851,-2.74704206465827,-0.00314468001890637,0.456892552837122
2.08080981730664,0.223559115303237,-6.36197295714628,-0.00269024561036931,0.518701087772062
2.15257570098389,0.192200263300997,-2.90338000096703,-0.00280029693959489,0.456716842270323
2.09160244736022,0.152120647200387,-2.89159517190006,-0.0025031245081593,0.479679821672943
2.23034301462115,0.151748637180495,0.288188390234208,-0.00359665645077857,0.483991218254869
1.43537094694178,0.454555820626074,-2.28641658245019,-0.00205273820582904,0.5403382276396
1.78509404750133,0.234850874091554,-4.3852650174588,-0.00163485267588633,0.541348438331169
2.17067912852884,0.171212977345225,-0.772948446315629,-0.00346639560043543,0.442016582888051
1.71241726618681,0.190868964403597,-3.34900294034877,-0.00130407759379713,0.514555909096883
1.87973074501913,0.34053264790397,-3.89755309775883,-0.00294641901365202,0.619132174831842
2.12259057169436,0.22949568918075,-4.32616444937247,-0.00249231190267178,0.486213079921359
2.40033605178501,0.0932008599250267,-3.46114629449412,-0.00282776307589123,0.468732641634063
2.38423310031587,0.124838391307326,-3.0633621181986,-0.00359466746283784,0.545685292441641
1.67707056563666,0.216693427282589,-4.11237771389758,-0.000832260946763139,0.545406387684447
2.21563263454144,0.134649576837313,-4.043376893321,-0.00238323763249886,0.435309191478365
2.49052216397816,0.0470380283579812,-8.39100765548993,-0.00231281275398154,0.453953070707727
2.43212350145406,0.0570316764033405,-4.03192538596591,-0.00318719616732599,0.483123207908857
2.33512899159423,0.109660554278136,-4.88473272830395,-0.0029849893199787,0.499440354879375
2.09624833945713,0.250423129056106,-4.86136528883338,-0.00285402539365702,0.492672773532629
2.38578446382566,0.0686471980105217,-8.60428776762842,-0.00219785458252294,0.580526493191225
2.15798033492805,0.187731159668584,-5.15079743054966,-0.00266365423603182,0.475710874901991
2.01064672967073,0.172839795723293,-4.04584073320852,-0.00171444781514564,0.464822143530487
2.17067483095237,0.117233102018856,-5.02816303423977,-0.00185868706854888,0.563610978216155
2.27127433294314,0.124900873906259,-6.20482595780704,-0.00282300418873571,0.54320232518929
2.54620863493149,0.0530715546213198,-7.84115368623321,-0.00252611994261183,0.544196896303354
1.9237574651105,0.165490669709242,-1.8051800341962,-0.00223242114255382,0.452647452859812
2.35814652411578,0.0809815919567856,-5.06394120994514,-0.00287829738732511,0.461872227454527
1.90498401174651,0.37971927024317,-4.16346810273553,-0.00304977595680388,0.526112309120354
1.78380344040282,0.300672148824471,-1.61138512926385,-0.00175092770692819,0.476608194846293
2.46382202794565,0.024294230107421,-4.60890049507882,-0.00243707165523448,0.505932206534122
1.29610457235518,0.389281856861689,-0.762258564660805,-0.0016274479495324,0.505249068513716
1.60726450388044,0.239085860728924,-3.18004615478232,-0.0009479502311002,0.496547697763264
1.27012444557734,0.366000688583364,0.931839602526257,-0.00228682048006965,0.570224852378344
2.22197560532738,0.018409314921774,-2.33489682033053,-0.00214386721964701,0.444346606359984
1.70587215671906,0.16915197135774,0.0362945407356423,-0.00122486689917484,0.527494873102058
2.05368669802101,0.171498695279567,-4.01743961959549,-0.00219664422359076,0.498902579265145
1.61853841323017,0.363773896246429,-4.57821690290875,-0.00167702679101484,0.561179859850577
2.58886834187867,0.0846306126215989,-4.83592784773954,-0.00379434659324952,0.524598867344768
2.29728646298186,0.25215404011885,-5.37227453045357,-0.00359548403499392,0.601093956851771
2.16514471884844,0.189580062258989,-4.68702985854661,-0.00197973844986913,0.519128742255087
2.57761777213083,-0.00670636215979726,-5.02582752259228,-0.00325273816454612,0.477523193156451
2.34926259403856,0.205938287863238,-4.9830925033188,-0.00388475632082111,0.561945036629571
2.5256509320306,0.0567131633799688,-4.63107944885318,-0.00357335841584726,0.481975740915839
1.94332169465093,0.227954419293402,-2.48661526189472,-0.00282354781204368,0.510344296296391
2.01519518181431,0.308307509723915,-2.0982260821059,-0.00335630942989203,0.632198215716851
1.69431805924514,0.325073205615355,-3.67388807368728,-0.00122339315858379,0.498120121331576
2.02507980301003,0.2628800251401,-1.58447272884458,-0.00279753366646056,0.590485141207447
1.66352111005171,0.391257054438049,-4.08216185334396,-0.00203081959499633,0.50800519462765
2.42636195899832,0.0453088987336868,-4.78175012081841,-0.00276305835621338,0.475088846118407
1.77729871371937,0.403007679777333,-5.46452060106047,-0.00169702837494163,0.519320543132814
1.69315162520039,0.346361348079024,-1.01999749115584,-0.00254057211835057,0.448478853258233
1.58893494263999,0.310130424056966,-3.22487602933446,-0.00151068766760977,0.455782692845831
2.07251398133063,0.25033519303583,-5.02494748242232,-0.0027978328614337,0.499148540071489
2.43664984566671,0.152565888178744,-4.68949653221098,-0.00353208005058723,0.438411322338599
1.67734947324689,0.259330386859566,-2.31008560682355,-0.00145980548454769,0.438509556038887
2.07417834248066,0.133165571213114,-1.70706319903724,-0.00325499855645721,0.531282579042671
2.41006285763787,0.0606150727689409,-2.44332829395766,-0.00323048681033317,0.538042567031337
2.21950933536071,0.149314638454877,-3.56780970258288,-0.00263070435034734,0.526151652587319
1.63843129746083,0.352216839395984,1.00667378785086,-0.00274344936536639,0.48508718299371
2.39779123342749,0.0546575674498038,-5.10236319838216,-0.00278574058159141,0.462456260619579
2.45808081909457,0.0308532189595877,-5.45698994126794,-0.00303998616400857,0.493572866716774
1.7753263838588,0.206432468625485,-1.30658293096707,-0.00197898713962031,0.450463504345472
2.09579705447579,0.29571380656008,-6.79736485137161,-0.00283712148686394,0.464971345929747
2.37251486635686,0.167647690690084,-5.9038482985701,-0.00304080011745708,0.412122600525533
2.29325102627744,0.0173618222519256,-3.08516744519973,-0.0020069358103006,0.487889335127865
1.90008026892195,0.229061463866944,-2.01686309081306,-0.00195872437115002,0.483665748190708
2.00466031845935,0.228105495902005,-5.90016767827743,-0.00155096953936957,0.434361362891799
1.93389443143245,0.299157904895132,-4.61831030973316,-0.00236319017414319,0.44949998795954
2.20184734715407,0.169832656348082,-1.2711857421961,-0.00268281364679683,0.480863683362975
1.81584126034318,0.250524062706167,-1.72975302288631,-0.00240955086652946,0.487777078652921
2.87371637083866,0.105676054786563,-5.4766064476746,-0.0048355190728273,0.494232956680009
1.87671766691617,0.344585977833397,-6.11128300676927,-0.00245539050385387,0.441430370187704
1.52529526505626,0.414819885197386,-3.60804797379535,-0.00189032969450466,0.504611061735289
1.91141377150626,0.289416808114511,-2.49830425606528,-0.00238993739049887,0.577957674412113
1.89929474470265,0.303163755195282,-5.38867329359779,-0.00178003868268969,0.465075823759023
2.16373402663372,0.144255209722519,-0.996273830735214,-0.00279524185657604,0.476491815899043
2.09596944966803,0.115150105700594,-3.04261628964452,-0.00195203423707296,0.45779594960704
2.26997385130898,0.061202903506002,-4.15241085949222,-0.00224980017804375,0.5126681575955
2.41006285763787,0.0606150727689409,-2.44332829395766,-0.00323048681033317,0.538042567031337
2.03283552572967,0.132194992835267,-2.21806825234049,-0.00226323950423587,0.517289645880985
2.31616234320694,0.0833381243328952,-7.46482664746893,-0.00178558924912106,0.456879226456789
2.50695524835848,0.0195282353885463,-2.96338899752459,-0.00316841133555685,0.43793549419659
2.40942072010511,0.0892192922431946,-5.5561660782105,-0.00324907102245816,0.542361585643369
2.21917968080673,0.258997804141068,-2.44825135963837,-0.00359947622895755,0.617552546831202
2.11898174208036,0.173434581058969,-6.26916161235744,-0.00200426855275539,0.44457886644616
2.55866058592154,-0.023707901320949,-4.02020805686026,-0.00278795763701263,0.564705218250854
1.7827887929968,0.24019406868778,-1.64033247531911,-0.00194343399614614,0.425370598849066
1.77321901777045,0.166020583750518,-1.32340007780945,-0.00181371268007782,0.497180750444124
2.28787619797846,0.180150253310655,-4.58442091169242,-0.00299144471816117,0.534878432021891
2.65913311370237,-0.0836972801012128,-4.90108274367593,-0.00279762716322135,0.498008636484431
2.22967810854451,0.181705595237322,-3.34837185076585,-0.00311821206370376,0.573074353457031
1.86665412050774,0.324563996002713,-2.52578483142108,-0.00293656110279417,0.467926368058812
1.97005305531519,0.25173117440152,-2.78069747703042,-0.00254061520282671,0.464470321879853
2.11504894385674,0.11058029524813,-6.46039717769792,-0.00148051929108381,0.470113699665653
2.22339758365133,0.17199632306041,-6.02056564151903,-0.00240980314106052,0.434455306157922
1.94432163088762,0.321632844939039,-0.900781637332354,-0.00293302394932343,0.442057305369976
1.80635401760339,0.172460320707026,-4.96005175352155,-0.001249696584195,0.468253122780298
2.32726719498463,0.00565011701696967,-1.75977321593338,-0.00264698684954083,0.468873871945368
2.470170932359,0.0742261668461429,-6.24793886280623,-0.00285539788095648,0.514595781282647
1.97421207149326,0.101830499319822,-5.56329749798829,-0.0010099262705529,0.452296307525242
2.14080476676372,0.0182520598503661,-5.72590269670859,-0.00101539290911049,0.561664341451349
1.87931865949047,0.194230768962247,-5.3310446518038,-0.00163021753728681,0.538162790461195
1.71378912745346,0.296084553130923,-2.70719717057813,-0.00179219214941311,0.422136556452591
2.01160537780573,0.144865616249088,-3.18604279768829,-0.00211197820247032,0.489907427009815
1.96974066267138,0.163064625029739,-3.31626681338161,-0.00165399460074491,0.481958442806071
1.79198203174312,0.423564696766768,-3.49929112896247,-0.00225682254002039,0.64645317985854
2.17267284085276,0.100283225945824,-0.263502250882074,-0.00357085695310717,0.545515221794243
1.8427232690136,0.376779433622119,-1.24216545107071,-0.00319237068239994,0.630379424346678
1.8733719341239,0.130260951586635,-4.44918167252356,-0.00108173883366255,0.480797087302469
2.74799924086211,0.0732363418725614,-9.26695908244329,-0.00337651140309706,0.522927321049515
2.15118914438645,0.0916946618403648,-4.92317574688668,-0.00204532628338305,0.60197318596527
2.13401640507474,0.130012241352555,-3.6982587898013,-0.00281009699696887,0.472732270950359
2.14163770968685,0.222946405984193,-5.56982164661248,-0.00260503382861153,0.480483448901525
2.24930871736275,0.270592738016393,-7.31103029562448,-0.00322588376040324,0.544948147881403
2.15466647462849,0.194467191750761,-2.85116118286795,-0.00317648628152959,0.563000942303599
1.35012747965731,0.335843061828603,-2.50199942440823,-0.000499920588129279,0.520062722824879
2.34632032900058,0.154873968835422,-6.31066181307976,-0.00254402007726511,0.537962446109638
2.76157217415257,-0.124433975535137,-2.10602955691,-0.00366170551360734,0.52127470031157
2.22892705524384,0.173825932777111,-4.80410828259429,-0.00322323717767774,0.484959188829166
2.73398232030773,0.00686366731329544,-4.96271548815492,-0.00377711207623121,0.573266441465363
2.05694517668385,0.251632143179043,-4.13847076740178,-0.00278502343890139,0.4720811198039
1.9486338698245,0.208394862052312,-3.75959816700402,-0.00169517528509463,0.491417321679709
2.43186228433835,0.053085550943837,-6.0001391938765,-0.00256762110097555,0.53133496420274
2.55709709049693,-0.0268561068858557,-3.43157603482921,-0.00353068234011465,0.435830028812629
2.5544598965474,0.0359343495109995,-4.16360315939942,-0.00342230219145572,0.453900396163674
2.00267185074499,0.187892995781789,-3.20846386986932,-0.00252705536488033,0.450928286231855
2.14759292677069,0.167989176834403,-3.51411503402639,-0.00284589197430383,0.460326761648736
2.34789890707716,0.152951672566992,-7.05553723006101,-0.00290049137978577,0.518728884337168
1.43447801257882,0.499433546879637,-7.15188544747239,-0.00157357328441722,0.509729901101301
2.70221702252828,-0.0651698604090043,-4.50254010397911,-0.00285136426030087,0.479616460984621
2.24293867437251,0.0951901813106153,-1.78889117890469,-0.00316628177145404,0.480163441066003
2.05571838253315,0.12848851570065,-3.05956502860839,-0.00206964723424545,0.456870636540581
1.7399900636644,0.249485631876854,-0.0398322795237738,-0.00201455401349404,0.489772548352777
2.5829040327873,0.0435748799528601,-5.18951897089686,-0.00299377145865974,0.525296677462492
1.95751562438245,0.254296400784122,-4.0542379796096,-0.00261103270385218,0.466592175994386
1.88756875133683,0.234281136396257,-3.36818550910278,-0.0024173747848691,0.436993545896705
2.25130601331933,0.0365666687901202,-5.07985422758816,-0.00194391765769101,0.447721242226049
2.05840450366525,0.250840452292913,-4.82989591221655,-0.00268615690891769,0.510868962154508
2.26719820795875,0.165635844071536,-3.84717672239235,-0.00309345413750981,0.537167198937245
1.69423856381834,0.365142497052051,-4.59730878869936,-0.00178968236145786,0.539234012297381
2.18299789825507,-0.0836641786849615,-0.395222440479569,-0.00129274607171802,0.510626557278601
1.89150110704653,0.209591135035928,-4.80327065081795,-0.00142116391930009,0.564383185558024
2.01959549215446,0.0288263829412216,-2.6550814519175,-0.000684338057012045,0.655296401784226
2.22856655820981,-0.0196497783590114,-1.38146891829854,-0.00252150039020763,0.529457245114861
2.40514408901736,0.246966322612673,-6.2666348810361,-0.00359462148023622,0.525132262680548
1.64526029723627,0.493858089685256,-4.8483499940439,-0.00247194911639194,0.524081826757651
2.14376321996984,0.125538295033698,-2.19419304764916,-0.00285709420033469,0.535332813947068
2.50832704435045,0.117994689922854,-5.76679903447809,-0.00327298011799061,0.467545438258956
1.73333969896949,0.314161765220678,-4.85976843369612,-0.00193513904529433,0.524790254391571
2.45384902268189,0.0296808512544663,-5.09503145573335,-0.00271628576035503,0.465048615210656
2.30107368948634,0.0164117661419963,-2.31861614549083,-0.00173903970157591,0.44241790109447
2.00196779239406,0.232329785993756,-1.01021183507852,-0.00295935193790079,0.471696422139379
1.79930547002754,0.255364554643601,-1.62250186925829,-0.00213120098091817,0.453889422796738
2.2139426143361,0.241271531957454,-4.13767971648318,-0.00351710003193813,0.467744303977053
1.98633527532318,0.267802422008069,-1.67491884353604,-0.00302997454365839,0.497296310894054
2.37180268396549,0.205927066197149,-3.7415139557258,-0.00359198664875405,0.495951280654292
1.73253312039311,0.237960261668638,-2.28752726745912,-0.00130286571986801,0.57641678072201
1.68309737371884,0.215839100008332,-1.98804797380942,-0.00146107700674432,0.507431890037953
2.19498556041352,0.115523184675248,-0.484880167247375,-0.00320196367600911,0.565983907646976
2.80171099123188,0.00142688663360416,-4.525727342094,-0.00421193095534341,0.538652088532796
1.94080395195661,0.108592981209161,-2.41504839955298,-0.00154679263999003,0.476095999588496
2.10141437927671,0.259912686040306,-5.20649954970592,-0.00287375697725521,0.485856605118657
2.25113274197244,0.240485077188454,-4.6481670165241,-0.00307411679965782,0.525371839325651
2.12336607487507,0.0167443516619918,-3.82122747899123,-0.00164498680481169,0.524959868182243
2.01178793995016,0.265140866389852,-2.53640681608298,-0.00266706655923095,0.510394156530675
2.75908137230252,-0.0274902902729362,-2.1622489840662,-0.00454844831040849,0.529818117955939
2.25225643323735,0.0941398528575515,-2.79433169003022,-0.00252873278508388,0.585463644080799
1.76538155491277,0.152731408557235,-2.13083905600375,-0.00119698635170198,0.509964300186961
2.02788844173448,0.162012705413973,-5.25557132843553,-0.00192079771002526,0.469930853962764
2.12546256417605,0.128631709452881,-2.94821752975892,-0.00250704971178613,0.513057545509575
2.05277937176054,0.164959704379511,-1.10807611134845,-0.00274875983516955,0.484985430720005
2.36024262653339,0.138138261210063,-5.22062009494459,-0.00303894432201987,0.497134472714228
2.27478713709046,0.0144072439652836,-4.38835827663999,-0.0022025657587711,0.534972895724252
1.84177835067937,0.315052511087001,-5.29170914337803,-0.00189187629502326,0.414987334734232
1.97637461755968,0.351720470567304,-5.7674548637663,-0.00251865766913909,0.505530126732439
2.11573164250023,0.0366261267274373,-2.69729383652615,-0.00184146107701352,0.445623798620825
2.08449024666273,0.203546365232997,-1.01285427743128,-0.00292720115850503,0.465977630093387
2.43779160591293,0.0815332961418525,-5.21230281758598,-0.00286811552843968,0.464545937740573
2.12076576443131,0.232304561951301,-5.05406811636197,-0.00213275375668066,0.49954498876057
1.91564503948939,0.262892292860893,-5.20362480342419,-0.00200169559986903,0.456208130329638
2.5054853759155,0.0968783482788979,-5.11570821834397,-0.00316063612841092,0.483730688710967
2.57729886275724,-0.0449822771708963,-6.98269807239423,-0.00273927615095762,0.579174789508901
2.52589917596948,0.0714613854971317,-7.10976805905058,-0.00289235877771053,0.518595501220157
1.70756107780235,0.320432731615732,-3.78470436958166,-0.00196901075249575,0.4779476972822
1.84439350981482,0.230457739512642,-4.42082525580033,-0.00126443253506326,0.55781546544733
2.11612123111651,0.080308381491268,-3.60073935099071,-0.00155547459091404,0.500266948682275
2.25174856842804,0.122483344449279,-6.46517331597306,-0.00263955438499779,0.582380442781615
2.41412218755214,0.134454994993329,-3.53252526965005,-0.00360948666976441,0.48043563369212
1.72237530915936,0.355072866013642,-2.12862484067891,-0.00237107644804763,0.445321177196297
2.11373133114685,0.181733110245388,-4.98319181319468,-0.00187981004105293,0.475374761656299
1.92644592241541,0.295158112059953,-5.71846929240138,-0.00222998701899232,0.498004168314699
2.25460244814169,0.0877567042497741,0.407800121678612,-0.00327577211737692,0.504357045997821
1.70431592712766,0.347492878735292,-5.73842609617547,-0.0010723383506861,0.512595935097787
1.63586760516763,0.297522558404733,-6.75643352201255,-0.00102397380156156,0.532758888640975
2.52101633031923,0.138085135356698,-3.25209305203529,-0.00385035998672391,0.610804977310242
2.12749437915186,0.135629254666654,-3.89144339114496,-0.00217812951157028,0.498345093225564
1.9224998512528,0.140936081256859,-1.84384277747687,-0.00153408762344231,0.495042853579848
2.44069966036467,0.121196952581938,-3.89570049902421,-0.00361363135304206,0.499775828359604
2.19096887971073,0.260499773928442,-3.33081542661112,-0.00344944843600949,0.425922387010975
2.22092290667073,0.0300621586451243,-3.52284051692117,-0.0013467959376836,0.500482115042415
1.84288294769872,0.240816239326982,-1.64669770755123,-0.00197422976954351,0.51679940703831
2.50793267184771,0.0648195830157928,-4.95536690686648,-0.00330416700009493,0.399553308407833
2.02267680074857,0.113335088681065,-3.29118546796846,-0.00177866703533333,0.50841812977099
2.41703204896177,0.0769358713575469,-0.911380093749428,-0.00385899128537493,0.462052479253533
1.83526686473862,0.362379472934021,-1.79785863068038,-0.00286212092920477,0.511908423032097
2.13248383958627,0.0804811949456128,-4.2589475303579,-0.00185640314061118,0.473076746633104
2.00632177720199,0.247739535765109,-3.30949961219216,-0.00282010945284039,0.430939349605859
2.41963228914367,0.0145822413920068,-6.0992596543998,-0.00192696809471862,0.450239017248231
1.61401558715363,0.306236868072842,-2.3447365151142,-0.00200965969132884,0.569285969164197
1.80462906127854,0.383105089840273,-4.11465554141092,-0.00301030414502112,0.509009322974322
2.24649127439254,0.101842942531272,-3.32348254883036,-0.00284957812300492,0.46395793322127
2.2320043308622,0.0911593864941098,-0.29615841374437,-0.00317654973638104,0.511841302058048
1.76644509196173,0.355503587675182,0.284100795694979,-0.00319056943678807,0.56552682445997
2.25164266172879,0.27519694713316,-3.72539598035719,-0.00377400664489016,0.570059962283813
2.12311818163107,0.106875765683308,-1.26065204272676,-0.00226802531093728,0.421650641542788
2.02688159859215,0.219792053001162,-3.33572195227013,-0.00209670104256455,0.569606064179441
2.0949407745689,0.155160655253354,-5.46604800493433,-0.00138120373412258,0.53324391845988
2.39843095858788,0.0805613445070217,-4.60536790894267,-0.00335207044271561,0.45887614759772
1.81376341672201,0.181730802167099,-3.16191829995907,-0.00113462340753925,0.550706573348957
2.23490211990297,0.170492904844246,-3.90521603237066,-0.00252655201976004,0.523499219066384
2.36042547243104,0.0653385287138115,-2.22387451566989,-0.00321337829256776,0.504785555827772
1.95043211308371,0.148697187098788,-4.83828590706265,-0.00154407068711579,0.51336498744742
