"V1","V2","V3","V4","V5","V6","V7","V8","V9","V10","V11","V12","V13","V14","V15","V16","V17","V18","V19","V20","V21","V22","V23","V24","V25","V26","V27","V28","V29","V30","V31","V32","V33","V34","V35","V36","V37","V38","V39","V40","V41","V42","V43","V44","V45","V46","V47","V48","V49","V50","V51","V52","V53","V54","V55","V56","V57","V58","V59","V60","V61","V62","V63","V64","V65","V66","V67","V68","V69","V70","V71","V72","V73","V74","V75","V76","V77","V78","V79","V80","V81","V82","V83","V84","V85","V86","V87","V88","V89","V90","V91","V92","V93","V94","V95","V96","V97","V98","V99","V100","V101","V102","V103","V104","V105","V106","V107","V108","V109","V110","V111","V112","V113","V114","V115","V116","V117","V118","V119","V120","V121","V122","V123","V124","V125","V126","V127","V128","V129","V130","V131","V132","V133","V134","V135","V136","V137","V138","V139","V140","V141","V142","V143","V144","V145","V146","V147","V148","V149","V150","V151","V152","V153","V154","V155","V156","V157","V158","V159","V160","V161","V162","V163","V164","V165","V166","V167","V168","V169","V170","V171","V172","V173","V174","V175","V176","V177","V178","V179","V180","V181","V182","V183","V184","V185","V186","V187","V188","V189","V190","V191","V192","V193","V194","V195","V196","V197","V198","V199","V200","V201","V202","V203","V204","V205","V206","V207","V208","V209","V210","V211","V212","V213","V214","V215","V216","V217","V218","V219","V220","V221","V222","V223","V224","V225","V226","V227","V228","V229","V230","V231","V232","V233","V234","V235","V236","V237","V238","V239","V240","V241","V242","V243","V244","V245","V246","V247","V248","V249","V250","V251","V252","V253","V254","V255","V256","V257","V258","V259","V260","V261","V262","V263","V264","V265","V266","V267","V268","V269","V270","V271","V272","V273","V274","V275","V276","V277","V278","V279","V280","V281","V282","V283","V284","V285","V286","V287","V288","V289","V290","V291","V292","V293","V294","V295","V296","V297","V298","V299","V300","V301","V302","V303","V304","V305","V306","V307","V308","V309","V310","V311","V312","V313","V314","V315","V316","V317","V318","V319","V320","V321","V322","V323","V324","V325","V326","V327","V328","V329","V330","V331","V332","V333","V334","V335","V336","V337","V338","V339","V340","V341","V342","V343","V344","V345","V346","V347","V348","V349","V350","V351","V352","V353","V354","V355","V356","V357","V358","V359","V360","V361","V362","V363","V364","V365","V366","V367","V368","V369","V370","V371","V372","V373","V374","V375","V376","V377","V378","V379","V380","V381","V382","V383","V384","V385","V386","V387","V388","V389","V390","V391","V392","V393","V394","V395","V396","V397","V398","V399","V400","V401","V402","V403","V404","V405","V406","V407","V408","V409","V410","V411","V412","V413","V414","V415","V416","V417","V418","V419","V420"
8.04207167981335,8.04314474084046,8.04532014447317,8.0428514756364,8.04419339252212,8.04190491997349,8.03743678106244,8.05422722837565,8.04157718116679,8.04446289284854,8.04305891268793,8.03943943296619,8.03039285292758,8.04306550042688,8.04050825310576,8.04098982760445,8.04544299391198,8.04561140730373,8.03905981094805,8.04095821892288,8.03445098769125,8.05458570496548,8.04392504479984,8.04294234036109,8.0438069607664,8.04049481772685,8.03447694122633,8.040300735761,8.03722915075236,8.04693494381466,8.03542811519329,8.04795615186168,8.03824815140643,8.04262072759441,8.04040300681416,8.03612768605055,8.05226614259505,8.04308818682379,8.04202042566503,8.04210617187566,8.03744967798483,8.05144076512337,8.04416314162283,8.05685273664801,8.03468664271209,8.0380151254872,8.0442905408078,8.0542257401363,8.03666846952612,8.05690271653162,8.03682453188566,8.03921792300893,8.04795615186168,8.05076563874107,8.04685465076376,8.04675229925437,8.04677305210036,8.04832708906365,8.05115159210902,8.04836892557426,8.04940471649726,8.04759415998876,8.04342799294864,8.04043431766488,8.0419572471554,8.0338694810772,8.04267448537328,8.03851700794095,8.04180811255517,8.03054376663453,8.0469276246987,8.037335443738,8.0435211170027,8.03637433008947,8.044375157131,8.03688790928774,8.03745515927097,8.05255341158049,8.03734233872543,8.05225067604604,8.03547659582637,8.04436759038525,8.0478663716135,8.05122840479328,8.04759479337206,8.03086204781799,8.04019733171035,8.03772472931027,8.03894548898968,8.04575016919005,8.03950898026978,8.05226614259505,8.04882068980446,8.03303314460487,8.0574569074325,8.04103010262457,8.04279421629195,8.04436759038525,8.03331143493757,8.039035384253,8.0442905408078,8.0443071376796,8.04666780105089,8.0384143171042,8.03997496770592,8.03466780059926,8.03684863221875,8.0498915443503,8.05301841181587,8.04384822120488,8.0350532667966,8.04265729592155,8.05282977846116,8.04672774857837,8.05020131612855,8.0408122774885,8.03570807496263,8.04353107840358,8.05999934458259,8.05979999154192,8.05549617166175,8.05029620516113,8.04387985628369,8.04163010167851,8.04052803682548,8.04034438957642,8.04347497507523,8.04531925187804,8.04382482491259,8.03489506837318,8.04311451349195,8.03557823130909,8.05018177499897,8.0387796552403,8.04280852865785,8.04229980637399,8.04641836729478,8.05068387465004,8.04781180653584,8.03445098769125,8.05650296847842,8.05556964996346,8.04170954583768,8.05024576626413,8.04625963508436,8.03413383529336,8.04583508075821,8.03940299335157,8.03892380644742,8.04685249792434,8.04068296283551,8.04229530208402,8.0438434449233,8.04490948094724,8.03764491909579,8.03680128201856,8.05322382100179,8.04326655202336,8.04881893791785,8.04571576239807,8.03710828470139,8.04270599350249,8.05021773185612,8.04413440766507,8.03971719324764,8.0392262751228,8.04182699437264,8.04628598037708,8.06801169947613,8.03586230246256,8.03981913081038,8.04299804899664,8.04503932594166,8.05165163561388,8.04647951779523,8.03314706301071,8.03781945676556,8.05631768777016,8.03772010241711,8.04080765867564,8.04001844390965,8.04779336808066,8.04774370862206,8.05351348748648,8.03640600990716,8.03444140745663,8.04520483848031,8.03707944341762,8.03863186713325,8.03584367468663,8.05278873775847,8.03931497408904,8.03866931804728,8.04518416377539,8.03702651050936,8.04792822253754,8.05579454336959,8.0599994487895,8.05226999617027,8.03855329884682,8.04158554274161,8.04338267198853,8.0452168307116,8.05016400578857,8.03762536231054,8.04448521499621,8.04523465619499,8.0359035346169,8.04662749284009,8.03506755543338,8.04251303670125,8.04007700360446,8.04365347637203,8.05089892490168,8.03824836216157,8.03694740785322,8.04240214588526,8.05211703085924,8.04698635657084,8.04167814292394,8.04960600058474,8.04148899308898,8.04410507328984,8.04968808230139,8.0384850484529,8.05317729225124,8.03329611333639,8.05480634480585,8.04020771459008,8.0418401733767,8.04403201654199,8.0477701575386,8.03435354594912,8.04903896615876,8.04013421078054,8.04797465043312,8.04078424646841,8.03857893233522,8.04357654005688,8.04755196050235,8.04566958360267,8.03468446667562,8.0359034543774,8.04535646787495,8.03673899855839,8.0495910979037,8.02864201471915,8.04582817966356,8.03755611912941,8.04005061122823,8.04938430769128,8.0536011118501,8.03979457169438,8.04335349110658,8.0318599238948,8.05623581620546,8.0378880630148,8.04670050800788,8.04181573693266,8.04099539210033,8.04624460044208,8.04073465605274,8.04719956526749,8.03182419821369,8.04167006516441,8.04261003408467,8.04961956974268,8.04005791846388,8.04768643565957,8.07012846177699,8.04016791688792,8.03904719885164,8.04903607914495,8.0409923038721,8.03550596691257,8.0523367755195,8.04770022690829,8.05500961917844,8.05121638383183,8.04322084543181,8.04632497087286,8.03177806379903,8.03704548410565,8.0379177591996,8.03886458791857,8.05252186052502,8.02513542725906,8.04786591271152,8.04266008874313,8.04619310979537,8.03895155817413,8.03388731475778,8.03127349490448,8.04498486536637,8.03438481586672,8.03383078405323,8.03389083048146,8.04837055900663,8.0379177591996,8.05420973102372,8.03659043166258,8.04489539318752,8.02121237483423,8.0475669178572,8.03767100303899,8.03614535906303,8.05235872742668,8.03482401517121,8.04698557228603,8.0412280884529,8.04168819693924,8.04101959746679,8.03249117581294,8.04514547019225,8.05006255213355,8.04789162026843,8.0248653212676,8.04389250651328,8.04167337275555,8.05016400578857,8.03181825090556,8.0442397829318,8.04280852865785,8.05634140103551,8.03064358754072,8.04039049355674,8.03988628724405,8.04139411649951,8.04560282944858,8.04077856594654,8.04611754664183,8.04379780142856,8.03885849703228,8.04154379264107,8.03093033607056,8.04000033825032,8.046481982735,8.04732821585736,8.04241575567725,8.04558029410005,8.05678653771579,8.04575353054389,8.05020391356182,8.05515070777043,8.04504696947866,8.04863063478265,8.05643486806515,8.03890370879054,8.03757208330082,8.04105201481807,8.04517639282968,8.03407870288096,8.04846169794994,8.05600551791925,8.03589156396009,8.04502047255845,8.04821193119274,8.05219544709439,8.04302523051891,8.03690988412635,8.04630751734444,8.0419148943104,8.04211151880924,8.04434172365654,8.05069592300536,8.03971626101788,8.03912287944327,8.04492151592514,8.03517762783901,8.04965871132262,8.04552346306563,8.04772811593736,8.04598590518688,8.04380842688043,8.042637428812,8.0398933196118,8.0336656324961,8.03674152001481,8.03372041230507,8.0441337078684,8.04063496827081,8.03458338204226,8.03396985976006,8.04230411607119,8.04048104799181,8.03610406206157,8.03748985689535,8.03613192846228,8.03227678722959,8.04879800469949,8.04444166597743,8.04522928760891,8.04052541706087,8.03258208567679,8.05074587392046,8.04191476598311,8.04378163143932,8.04716046340836,8.04808787650066,8.0473831214234,8.04943420380253,8.0472971307676,8.04745213940402,8.0423148816593,8.05422320750363,8.03375324830115,8.04652381237587,8.04367863953784,8.04494212756012,8.04281637162524,8.04921218433147,8.05177386308391,8.0427487908447,8.04209985268265,8.04974236511884,8.02925099171414,8.0429681509908,8.04599159309058,8.05987700919616,8.04642037091088
8.0475387418184,8.0343526734381,8.04572334682035,8.04550380691087,8.04220212413855,8.03676445150861,8.04100783073386,8.05713745485782,8.04582503956616,8.03108474826638,8.04004708651586,8.03262173835596,8.05280281370458,8.04842989364559,8.04786591271152,8.05419609385125,8.03326602082501,8.0438771613617,8.03969108680299,8.03989866599118,8.03904855497517,8.03695065773788,8.04975051190429,8.04659618191371,8.04939875279734,8.05054079100032,8.05649121259443,8.04531431661657,8.03867038229666,8.04660456419197,8.04088811976485,8.04525351096802,8.03800946146386,8.0328828038412,8.0435762558154,8.04170174557944,8.02809441530091,8.04975476964567,8.0466256138329,8.04700466938215,8.04841085951606,8.04544258841127,8.0480392921527,8.03537637720935,8.03327853668404,8.04257875875373,8.03596718334059,8.04094521315703,8.04162666244592,8.04347053150813,8.04563720631378,8.03237953746536,8.04626177256376,8.04246642703953,8.03876719354947,8.0523263212643,8.03888984741333,8.04273556994469,8.04335311744034,8.04270116833764,8.04348348621895,8.05229996975006,8.03660306273752,8.0453812017119,8.04740616122172,8.04975476964567,8.05218718028082,8.05701660271629,8.0385555690913,8.03718418317197,8.03970563650909,8.03768874783459,8.04830350564672,8.06008087732589,8.04552724054672,8.03695230928541,8.04615611992135,8.04447002701757,8.04671707082122,8.04334305340906,8.0438434449233,8.04420224355105,8.03912287944327,8.04154547715401,8.04622932241991,8.04434065535839,8.0507982366806,8.05117495998863,8.04964473943661,8.0438089297403,8.04913541533402,8.04197664311696,8.0436698072381,8.06641954463248,8.04415012709766,8.04422091716974,8.04299261769602,8.04313134042547,8.04698557228603,8.05631768777016,8.05879650758501,8.05434926099067,8.03919268672601,8.04180546992908,8.05598351999249,8.03685314156921,8.03421433317031,8.03385941216989,8.04271638067795,8.04560888226503,8.04476899918756,8.04087815556625,8.04287959561645,8.03038144948309,8.03873113496719,8.04351915694469,8.03849368144123,8.05092895285783,8.04420189897043,8.0561153509251,8.03749730157674,8.0427007740301,8.04212665327233,8.04698738653433,8.04399099424081,8.03805514437079,8.03625677653026,8.03435886752838,8.04419639405866,8.0330066070348,8.05007813104625,8.03891439148335,8.04479580057251,8.0515919986509,8.05185828130971,8.04078424646841,8.03890316729342,8.04597813539779,8.05312829576379,8.0580872639541,8.04746260298283,8.04334123181098,8.03544240509607,8.04527620407266,8.04566303649114,8.04607742568136,8.03783603227197,8.04234464051777,8.03189665466011,8.04164529941276,8.04821621142531,8.04075934959345,8.04252592295421,8.04836073809655,8.03380534135422,8.03463112020884,8.04050885108999,8.04297646273784,8.04398340956834,8.03911738233784,8.04472854390547,8.04709624445666,8.05365904640774,8.03732680885472,8.04712526608486,8.0438854443675,8.05312829576379,8.04949835035085,8.04329370750399,8.03956471647905,8.03777485600768,8.04783641031558,8.04531925187804,8.04476198955107,8.0372717744572,8.04192170011688,8.04111035207396,8.03361679007314,8.04094502650889,8.04604632146656,8.03849245538347,8.03472246856412,8.04657325925201,8.04557460516811,8.03905538437053,8.04780473902014,8.04730047564533,8.04034514452798,8.04586239823919,8.03552723306191,8.04121759989629,8.03988628724405,8.02778764851601,8.03883896476592,8.0350532667966,8.04275634007955,8.04078424646841,8.0399080599517,8.03387318849656,8.0393162779295,8.04902515976224,8.0343526734381,8.04210885173409,8.04008040693099,8.05358960649947,8.05411543547582,8.02667555406239,8.03637433008947,8.05845340219863,8.04066490697821,8.0365394019066,8.0343176189965,8.04561053816443,8.04546857494509,8.0479464316017,8.04441141562691,8.03769804025356,8.04894572660887,8.05054273340409,8.05509292050919,8.03178835015541,8.05247491818302,8.03961600297292,8.03573740080174,8.05492504886959,8.0436282310068,8.0580872639541,8.04020766133496,8.02761957210158,8.03991792652884,8.04785423050421,8.04198578752895,8.04910606351317,8.04542277343782,8.04245690648127,8.04581706154522,8.03649886696336,8.04112389926906,8.04741882944887,8.04746844432832,8.03933319915494,8.0323654367281,8.04248838600484,8.03709463576063,8.04751321924866,8.03857211725782,8.04276952101041,8.03716345589635,8.05048757192799,8.04121759989629,8.03837658773844,8.05106593041639,8.04511086110687,8.05232982674904,8.0438503187852,8.04194312669075,8.03597129621936,8.04218519579896,8.0574569074325,8.06800908861456,8.04671901047146,8.04402022272223,8.04082256476442,8.03543856143493,8.04028240145197,8.0512462252204,8.04557460516811,8.038823479667,8.03547589094685,8.04501731594971,8.04220212413855,8.04367162914627,8.03840887831616,8.03522914022182,8.03516315516588,8.03904719885164,8.04796038066465,8.04280526984195,8.04532374219441,8.03672323789609,8.04565119364761,8.0461441286388,8.04545087481863,8.03444140745663,8.03236584845512,8.04732449606787,8.03812249303614,8.03889277718414,8.03621921853697,8.03575136737731,8.0276999870404,8.04373960779967,8.05420698830213,8.03108150186081,8.05133398445176,8.03855735997055,8.03253292009515,8.03690331769697,8.04877000610524,8.04685892255844,8.03199421777225,8.04440791674239,8.04454748482734,8.03899892436817,8.05759162988087,8.04333877076866,8.03604317129047,8.0440937153688,8.05044006076002,8.04923797888997,8.03895171666848,8.04730886038909,8.04390862603843,8.05009131173005,8.04631634205035,8.04169471717191,8.05429661838329,8.04795181770786,8.0289526419447,8.03255377215633,8.03654661315472,8.05287909554252,8.04671436872419,8.03668455205213,8.03954445662491,8.05054817402541,8.04202090637988,8.05652323264293,8.03723207686765,8.03263509736876,8.04740616122172,8.04612387412035,8.03917731815447,8.04412242001601,8.04459401050709,8.0465114524999,8.03431388871119,8.04708106966837,8.04681131787081,8.0394702946127,8.04624580771279,8.04240524923589,8.03912287944327,8.03368940013823,8.04020771459008,8.04408094211021,8.04411828466592,8.0345036410042,8.05253208451241,8.04790705627833,8.052627756026,8.04077234276613,8.03972985732335,8.04107814563095,8.0438434449233,8.04719196277598,8.04417033716174,8.04440890237618,8.04362289901759,8.03802145580373,8.04297095794599,8.03394157380351,8.04969481096861,8.05028205123049,8.04663354114951,8.03752993524349,8.04074901189188,8.03281887828761,8.0437726198835,8.04896510324782,8.04627607733264,8.04257996062893,8.04951107720727,8.05215295195245,8.04112825041667,8.03633404706116,8.0489296278775,8.05408058715865,8.03911333592381,8.03489588943334,8.04111197954037,8.04337825726917,8.04496747881722,8.05720837244426,8.03836864272793,8.04138361465309,8.0390023572147,8.04064750114742,8.05003281417249,8.05223693876829,8.05231777518371,8.04389913664333,8.06156619408143,8.03078326760341,8.03427340156972,8.04855147174063,8.04451418854831,8.04302523051891,8.04625708642146,8.04914225836417,8.04370090462424,8.0342697320878,8.04331115771313,8.04348348621895,8.03895132474342,8.04107652424855,8.04459508512903,8.03266921273181,8.05083720155802,8.05165163561388,8.04380842688043,8.04216103519207,8.0436206352461,8.04010317885598,8.03917299502241,8.05482904270682,8.03783603227197,8.05597116317596,8.04003716531757,8.04651616175377
8.05176523935871,8.04705888138746,8.05141553372693,8.03556437350691,8.03917039825104,8.04873932941297,8.04764142713683,8.04317125451567,8.04846169794994,8.04879858191223,8.05491764394247,8.0445315757142,8.03709463576063,8.03747520783439,8.03238740958144,8.03826890451733,8.05188323508988,8.04272146946767,8.0475387418184,8.02909600139672,8.04786779710755,8.04860544898517,8.03576455624476,8.04898242247374,8.04136342857963,8.04573318736534,8.0429823352407,8.04394767235321,8.03959069318404,8.03842570125409,8.04057488980677,8.03765529204328,8.05388234508288,8.04214752999165,8.05647555016226,8.04660416919041,8.05407967011702,8.03702485790757,8.05215740869099,8.04951999857709,8.04505427066519,8.0352572040898,8.03706489631072,8.04367863953784,8.03966605132455,8.03228953284129,8.05131922120971,8.05393403936055,8.04431399976626,8.03958168782387,8.04876578787466,8.04741356792772,8.04484050902393,8.04275634007955,8.04642037091088,8.05178037156181,8.03491201716497,8.04122418872948,8.04140474483629,8.03618526978115,8.0455820447794,8.04181319716435,8.0519012196387,8.04666149852099,8.04853442876553,8.04208115648917,8.04634778333638,8.04115769044634,8.03762137020491,8.03649053160899,8.04684534165538,8.05168097183608,8.03871086775771,8.03762536231054,8.02881864802584,8.04432386706986,8.04694063683027,8.04338240596286,8.03694046349434,8.02815448624869,8.03814937166702,8.04365762343503,8.05257685729681,8.04673490542638,8.0387953448355,8.04198312699746,8.04815437029126,8.04954065418677,8.03362249980178,8.04114440647404,8.0434965361116,8.03839978569419,8.05019299038841,8.03675357481843,8.047687709088,8.04564463875029,8.05176965169347,8.04769056936401,8.03770404872738,8.03652332761576,8.04862891557518,8.03102583790278,8.05322382100179,8.05262236332244,8.03390466534718,8.0368423857277,8.03954992293902,8.04831716012203,8.04914070856329,8.04430883951069,8.04328278086902,8.05006255213355,8.03544825647834,8.04538890784741,8.04267325378675,8.05520114807756,8.03561890537091,8.03641969300525,8.04141780612624,8.05689330600689,8.04777753815333,8.05116476888828,8.03618284818062,8.04565119364761,8.04901170829376,8.04303365955908,8.04363405158132,8.04939073091715,8.0464373415022,8.03416951046745,8.04581910228565,8.04133683063532,8.04734758585583,8.04156834034687,8.035094669343,8.04363405158132,8.03635335137606,8.04400585911272,8.03551786124808,8.05013101000395,8.04052142287082,8.03818372626914,8.04358921333152,8.03832650543867,8.04651640023454,8.03871313991375,8.04752166978625,8.04958574087833,8.03822163550943,8.03709785159406,8.04719367033134,8.03164358436909,8.04731942085256,8.03800298551315,8.04283429957112,8.04192639213591,8.03982496142779,8.0423859355052,8.05369477455837,8.04351577925923,8.0335760425794,8.03649005531239,8.03751668195427,8.04434172365654,8.04234238736202,8.03678936014092,8.03340542355023,8.04128580907169,8.03456137031156,8.0360209386004,8.03649634251333,8.03050388159686,8.02372150036046,8.0516703897366,8.04426836714413,8.04376180870635,8.04149423787124,8.02755029425608,8.04687275567397,8.03982496142779,8.04103105725593,8.03805421402712,8.02963053322388,8.04749091467888,8.0379547425272,8.04473916262658,8.03384783145926,8.04789145480927,8.04705243818507,8.044879562065,8.04731581346041,8.04440174363909,8.04388101028383,8.04559090507581,8.03183377206149,8.0313563058292,8.03932142690077,8.05755473823881,8.04491469863451,8.04574646006935,8.05131922120971,8.04841618303497,8.04896311712573,8.05141567949565,8.04294721792859,8.05427550094971,8.03302252877464,8.05165951999247,8.03775349018792,8.04806698096613,8.03961153180949,8.03100896007559,8.04755196050235,8.04962245058028,8.03886309951727,8.046925142493,8.0448052824376,8.04603426462704,8.05477312041608,8.03849368144123,8.03798722755433,8.04804190397238,8.03887531434034,8.03919792822327,8.03387318849656,8.06052256222237,8.03967161333943,8.04477344910202,8.04473362458566,8.04368092223639,8.03538662484175,8.04222086177723,8.04433346345687,8.03938012084831,8.04464406111176,8.04207167981335,8.05590158347403,8.05638532176239,8.04385134431087,8.05233947497118,8.03697228540134,8.04098411341686,8.03460423441325,8.04306216874107,8.05692095816993,8.04803635421355,8.04680618175508,8.0470418351499,8.03654485589154,8.04001795934997,8.04832680589397,8.02751352230356,8.05449875740563,8.0341720983308,8.04513601854106,8.05675449376651,8.05957476360766,8.03389596556839,8.0438503187852,8.04005791846388,8.05262946102089,8.02491514465079,8.04720198990821,8.04687344831847,8.04377742722373,8.04673785168578,8.04457809166011,8.0432575829192,8.05390130906621,8.04719850719133,8.04907780532485,8.04492151592514,8.04700038997988,8.03734531154357,8.04168912944987,8.04889969278557,8.04242646632158,8.03846403437516,8.04009720972692,8.05667125113285,8.03482401517121,8.03651465096739,8.03086204781799,8.04657697572756,8.04974236511884,8.05226619631999,8.03886122620381,8.04732821585736,8.03622657206139,8.04904481369319,8.05265264375371,8.04408982539593,8.05576690362601,8.04625552187043,8.03844236389208,8.04934286250983,8.04087927351961,8.06110255801464,8.0599994487895,8.06278152479553,8.04949807649764,8.03724072366159,8.04060784932067,8.03928844524738,8.04540587090652,8.04232997497548,8.04187434822352,8.05040671857073,8.04874194382618,8.0358729947179,8.04867609972603,8.05067994778644,8.04186583451966,8.04798281643935,8.03918709800784,8.03204310416617,8.04189315037162,8.04647876593283,8.04371395358242,8.05114851155063,8.04911647232315,8.03929898844808,8.03249798178884,8.03676658626369,8.04756823120588,8.04209341620387,8.0459347695318,8.04161224923533,8.04395232676668,8.03385985147519,8.04935305920164,8.04898642188416,8.0460680117425,8.04475854701316,8.03853303822109,8.04266196933977,8.0565446594513,8.05253208451241,8.03191829000356,8.05253740025212,8.03978679744636,8.03690331769697,8.04258268049252,8.04282767536415,8.04491175065259,8.04977050110723,8.03722562837879,8.04603453870162,8.04566958360267,8.03919851741305,8.04223548361421,8.05554455598251,8.04357652733857,8.0357129717303,8.04705243818507,8.0439321171476,8.04842772784202,8.04972969277507,8.03161651015506,8.03959396336615,8.04896510324782,8.0470522035541,8.03843367524707,8.04274979663331,8.04280665840767,8.03991117678306,8.05693581738869,8.04951107720727,8.03849371126337,8.03918695845585,8.04119997300399,8.03948808237403,8.03542374348308,8.05139705537698,8.04245440648377,8.05243517572593,8.04421864649555,8.03453796337399,8.03322940393912,8.04311201558036,8.02621021951565,8.03791720010749,8.0398809601694,8.03898944495204,8.03666199769718,8.04121092371252,8.03547197655455,8.03915326559259,8.05142302104623,8.04771928077459,8.040240087467,8.03962813441692,8.05243138256029,8.04614936392596,8.03772472931027,8.04623600157868,8.05540035878825,8.03880598444895,8.04032683272609,8.05378760342989,8.04488450185718,8.06169444225088,8.04444133682995,8.03109360562819,8.04443982129522,8.03041934114364,8.04401932122716,8.04786591271152,8.0426474755397,8.04627525686974,8.03244218617182,8.04836073809655,8.05011709549048,8.04375718166321,8.05601773070195,8.0450503162767,8.04937242697182,8.04757657496182,8.03455979457121,8.04331115771313
8.04788075553351,8.0335345007351,8.04500168446563,8.04639633315097,8.04049755772137,8.05422722837565,8.04881461200892,8.04302826703695,8.04985069482074,8.03552723306191,8.05042801561052,8.03898274836653,8.04832680589397,8.04826404768218,8.04050875278148,8.04957550357296,8.04233420675705,8.03699835072738,8.04042636447878,8.03857893233522,8.05463018774418,8.03741318428434,8.04821270851975,8.04368834248302,8.05732271801682,8.04003716531757,8.03761826348082,8.0391977798988,8.03920568253414,8.03642363000673,8.03620879359649,8.04705888138746,8.04167814292394,8.03933725074565,8.04832816313249,8.0505109676373,8.04037133571896,8.03167501149959,8.0479464316017,8.05722802405096,8.05665469191173,8.04248066444221,8.02766463425221,8.02641002251418,8.05089079809871,8.03199421777225,8.03657191674738,8.04554787469343,8.03867748247165,8.04507016865031,8.05040750307184,8.02842314570981,8.04829646357694,8.03953331667606,8.03410641829215,8.04032318356953,8.04196194553794,8.04826120337541,8.03725298349268,8.04238842833321,8.04762747327141,8.0411438244777,8.04673878719686,8.04876074424991,8.04352014063458,8.03953275414886,8.04392504479984,8.03462026397811,8.03713094344275,8.04596765620835,8.04774997691554,8.04881461200892,8.04016575008581,8.03609141131829,8.03755986035587,8.04844597326483,8.05358960649947,8.04244165948777,8.03629065618376,8.0476873130918,8.03880257435265,8.04771928077459,8.04958668165031,8.03138036976978,8.04519219034086,8.03238755812111,8.04813385389601,8.04684365800865,8.04519211086206,8.04090193058497,8.0385340810581,8.03121237804027,8.03967859159752,8.04538273066197,8.05243517572593,8.03697528679056,8.0435762558154,8.04405347845527,8.04075605363267,8.03697416580154,8.04493718742248,8.04268028564445,8.05242391173646,8.07417244996244,8.02648777681789,8.03308107729688,8.04400708806371,8.04074901189188,8.03985184709581,8.05291536009022,8.04196605002815,8.04471561788282,8.06184904766882,8.04619068930502,8.04563680664165,8.05810002172444,8.05562278289122,8.04075917870984,8.03746637950175,8.04800259801014,8.04128794179578,8.04341290109363,8.04057302004434,8.04032271815754,8.03959511491966,8.03688173525495,8.04049073801337,8.04472589718477,8.04737185778951,8.04337825726917,8.04027330651418,8.03822163550943,8.04462404710379,8.04527620407266,8.03327224338261,8.04078424646841,8.03950460766281,8.03482401517121,8.03078326760341,8.04371797414961,8.04258193260266,8.04682770324406,8.03382051266333,8.03648471216636,8.04131003069016,8.02968229111205,8.04646947478101,8.03808656119089,8.04558029410005,8.05101044764519,8.03544778125864,8.04454774268763,8.04238081029301,8.05123489366612,8.03701322521576,8.04568956935977,8.04562750830198,8.03505234183674,8.04380845217397,8.03985954149192,8.03581111714631,8.04454774268763,8.04787694889185,8.0336651843736,8.04160548310087,8.03462466818555,8.04239301468648,8.03514301925908,8.03784368512596,8.04414748876117,8.04037400748323,8.03682912539295,8.04918247261013,8.04206865813505,8.04606638722032,8.0530673958713,8.04390449457718,8.0292806903948,8.04179150508103,8.04409846182988,8.04289699396947,8.04134500904979,8.04662980282478,8.05988800255323,8.05141431095426,8.03309502866041,8.04232997497548,8.04278271252441,8.03472567472564,8.04295898894594,8.04120973898848,8.03733436293234,8.04182208505546,8.03528097606551,8.04816016988068,8.04857986739347,8.04546637586294,8.04555139701575,8.03850622976276,8.03428932705571,8.04308302643814,8.02929897092943,8.04459595289773,8.03683520060259,8.04191968839042,8.0465252022734,8.04494903703937,8.0378311611836,8.05231777518371,8.04163376505626,8.04426836714413,8.04519211086206,8.03809576939287,8.03408137003945,8.04218833341743,8.04451526359684,8.0393896312562,8.03406854175679,8.04261274728451,8.04319990085368,8.04244583656893,8.04574646006935,8.05315132994371,8.05391258526201,8.03857473673159,8.04544655206838,8.04734758585583,8.04670467921399,8.03988609959794,8.03598058167419,8.03133617152592,8.04082256476442,8.05260600774247,8.03860802551735,8.03797906861108,8.04990468910292,8.04612099447464,8.05180095234851,8.05224163533854,8.06579266893085,8.04798204505868,8.04255286947513,8.03666671685805,8.04360005635636,8.04550937859205,8.04323773982449,8.04009720972692,8.04844362858266,8.04236886644473,8.03939106794141,8.04967083879402,8.05659231166346,8.03201192062461,8.05350390189309,8.04652768343011,8.04167101384942,8.03567048677218,8.03321928964007,8.04179503784894,8.03640600990716,8.05152633230995,8.03542110758132,8.0402516874629,8.04114812316161,8.04676993798961,8.02916860178419,8.04800259801014,8.03479653633487,8.04777570114615,8.03533791331671,8.04987654650088,8.04683887064123,8.04136976072508,8.04251533203034,8.04219600853937,8.06120199623038,8.04273918328975,8.03815756702115,8.04957086034072,8.05450800512749,8.04337260991577,8.03850622976276,8.03730362787835,8.04240524923589,8.04919272002511,8.04496875621258,8.05193232917515,8.03661241810774,8.05056873148562,8.03897402470815,8.05723613538002,8.05007874402802,8.04280526984195,8.03746585872839,8.03419421428613,8.05886876155545,8.03635420507777,8.04608989769812,8.05467825041464,8.05280296262685,8.03891829196791,8.03799317723329,8.04774370862206,8.03581404622033,8.04486287792705,8.05141696672314,8.04746937676779,8.0408951425101,8.03528985492382,8.03613013369235,8.04283297595359,8.04469516980713,8.03288800888922,8.03666745171178,8.04019733171035,8.03478909162704,8.03772433007513,8.05987477791715,8.04639586845498,8.0474270266095,8.03712153585487,8.05278511799168,8.04829646357694,8.04001940430037,8.04465324073399,8.04759451939174,8.04945494589651,8.04207876962714,8.04814698666606,8.04311451349195,8.04156834034687,8.03300453572224,8.04430005529668,8.04344778940344,8.03920114672916,8.04207167981335,8.05460339242546,8.03990080231723,8.04343509698939,8.04534307000756,8.0476984359262,8.04871848049486,8.03955120932293,8.0394702946127,8.04480039391324,8.05185385927307,8.03862713400923,8.04663141322145,8.03498954658868,8.04608989769812,8.03446888845233,8.04373166232659,8.03835705666609,8.04318885975834,8.05282815248549,8.04636662154589,8.05300993613046,8.05515124946561,8.03755664597855,8.03644834048926,8.04014533414229,8.05468347893253,8.0380758070547,8.03340542355023,8.0427200151994,8.03478861199176,8.04226424788351,8.03678601464726,8.04805178858638,8.03232943621722,8.04311727790374,8.03054379844756,8.03835425747734,8.05097307350738,8.04033089009657,8.04501287935297,8.04362340199969,8.03986805495677,8.03386061445963,8.05229996975006,8.04768404541911,8.03888396586386,8.03562518750039,8.03314607163193,8.05422722837565,8.05344359833971,8.04833843740377,8.04702155984273,8.04335953801609,8.03975253750086,8.03417269723175,8.03468766949058,8.06041323080243,8.03361859136563,8.029041208831,8.04462461884425,8.05141567949565,8.04483653589694,8.04647174150691,8.03813879128255,8.04842989364559,8.0396958758653,8.04587677360088,8.03699861128313,8.05445858626598,8.04485322561349,8.05103531773867,8.04494621959206,8.05123205678117,8.03944089726689,8.02989898791838,8.03226368578548,8.04831623312779,8.05656185655433,8.05546133331925,8.03158355772142,8.034295080615,8.02953888887425,8.04733812539346,8.0411438244777
8.04535568870856,8.04592687024433,8.04610936098337,8.0362199908815,8.03763010572906,8.050865282214,8.04413188871786,8.04081439362099,8.04608215731257,8.04183035696622,8.03853303822109,8.05691229800393,8.03676809501023,8.05399472287135,8.05170747793905,8.03768491471175,8.05771912392341,8.05036269798202,8.04174217772374,8.04628087024772,8.05515070777043,8.03741318428434,8.0457545484875,8.03139837613884,8.04966915138306,8.04020718885863,8.05282977846116,8.04213914213148,8.04512130352215,8.03148019268418,8.0357129266609,8.04925610701931,8.0349211006643,8.03507381984753,8.04609242504447,8.02743303084189,8.05769418821033,8.03861855096956,8.04375170188387,8.03741312900584,8.03921327752531,8.04328331746794,8.03702632831053,8.03385880369466,8.0385993722667,8.04215883908256,8.04164490370293,8.05579509842439,8.05132342661118,8.03929450779649,8.03491201716497,8.03392733144129,8.04258645051827,8.03382114619921,8.03905182124467,8.04123427817188,8.03491267145705,8.03946501171271,8.04106327122214,8.03725551859298,8.04018989942003,8.0276999870404,8.03517762783901,8.04279305831134,8.04306379028809,8.03835705666609,8.04238081029301,8.04884055911835,8.04628631598744,8.05261415884668,8.03634670479581,8.04626880907633,8.05322404342094,8.04715288890612,8.03362336350242,8.05107419119826,8.04797328841794,8.03434348016591,8.03920960030614,8.04128221499985,8.0380374629614,8.04950912142666,8.05310096483625,8.05148740381038,8.04870141516414,8.03107324607838,8.03745390393371,8.0427200151994,8.04164644601319,8.05426205749253,8.04020602923639,8.03959665890235,8.05311954686417,8.03937825040668,8.04849981258282,8.04052949685597,8.04360977237118,8.05152242787805,8.04202113766177,8.0466256138329,8.04300701067175,8.04965406195926,8.03365859160532,8.05181961720745,8.03375469590112,8.0507982366806,8.04642037091088,8.05049183783079,8.03843938936096,8.04642037091088,8.04326655202336,8.05090131033334,8.04007633121844,8.04172994421538,8.04721962461228,8.03315075353532,8.05357421175638,8.04615611992135,8.04146031450836,8.03235769887505,8.03696791505992,8.04366000366737,8.04245218215215,8.04108086532308,8.04887205192316,8.0440191511389,8.04317882143014,8.0380151254872,8.0353699557286,8.04044798615516,8.04095225100809,8.0411411003682,8.04520704317162,8.04873226074801,8.04731942085256,8.04819442621167,8.04626177256376,8.03699174223827,8.0446513106257,8.02989898791838,8.04709734030278,8.03588392702362,8.04674889421352,8.05004514409241,8.0365072580177,8.03829933892345,8.0394919413517,8.0351428430634,8.0429333978233,8.04431399976626,8.03014629659525,8.04428362742838,8.0361759437791,8.03081591155874,8.05050254578998,8.03633404706116,8.03488151211181,8.02661017857229,8.04349551042278,8.03640243044207,8.03924583372132,8.05189089271445,8.04038215880139,8.05671847687741,8.03966451403209,8.04527620407266,8.03158355772142,8.03762874036721,8.04594993704624,8.04878024751375,8.0362273186577,8.03513547398559,8.03759484645669,8.03528985492382,8.04172040380954,8.05228055120162,8.04095225100809,8.03454671312117,8.04263022107048,8.06120199623038,8.04063012530427,8.0501931071584,8.04448722895996,8.04537396504559,8.03298451140693,8.04502016676473,8.0442905408078,8.04093705200492,8.03959511491966,8.03954255461819,8.03883896476592,8.05921904048572,8.05332644291385,8.0358729947179,8.0407082968645,8.04642660114245,8.04447003029355,8.05054079100032,8.04791745655231,8.04083417552828,8.04222301342231,8.04926760983746,8.02840352721025,8.03995477565428,8.04657056140044,8.02667555406239,8.03454671312117,8.04526837820586,8.02933810026789,8.05227670218672,8.04789143411628,8.04245218215215,8.04594641890754,8.03384033757433,8.03667114253106,8.03705442872617,8.04328331746794,8.0349211006643,8.04146821391308,8.04394337146992,8.05515124946561,8.05020401000884,8.05556455276425,8.03220545209465,8.03527920700611,8.04939617050713,8.04849981258282,8.03687333122125,8.04955079683934,8.04969679667861,8.03377268112991,8.03804131669921,8.03393325523352,8.04152029563177,8.04345763226947,8.02933810026789,8.03901388129731,8.04108229944487,8.03725059290655,8.03439490955987,8.03994989424536,8.05152633230995,8.04602559906597,8.03905059603334,8.05574939888847,8.03567064711908,8.04215653694475,8.03955643888917,8.04681659375632,8.03775440455036,8.03654661315472,8.03439490955987,8.03001701331231,8.04259860142499,8.05133398445176,8.04361306587324,8.03613192846228,8.03800272467277,8.0398933196118,8.04675493655463,8.04070000417779,8.0306955207792,8.04242134471563,8.04463274403463,8.03830044238002,8.04796181854045,8.04804190397238,8.03362249980178,8.03250600533051,8.03448202608912,8.03731239713114,8.03826029483003,8.05883482666166,8.04938545540829,8.0464750001432,8.0561153509251,8.04964473943661,8.0384985272626,8.04249187314866,8.02751188083096,8.04045369026847,8.05229544764659,8.0456716394219,8.04618357414936,8.03674152001481,8.05041301862867,8.05272352311261,8.05102307559512,8.04365466062537,8.04248135020606,8.04565054671305,8.04468574363443,8.04977911663298,8.03468886765153,8.05552441598398,8.04844362858266,8.03610406206157,8.0365394019066,8.04395306862527,8.04582242711059,8.03519542123169,8.04876074424991,8.03758805680194,8.03946501171271,8.0321771145593,8.03041111107932,8.03438481586672,8.03282478670148,8.04256217972766,8.04629860613821,8.04234238736202,8.04314753614759,8.04538273066197,8.04472589718477,8.03651585354486,8.03680169757468,8.04912485159875,8.0500501867827,8.04223614908169,8.04217648542179,8.04174217772374,8.03463112020884,8.05797122115111,8.04388334498131,8.03119829801996,8.04456987427056,8.03339057324741,8.05377950030178,8.05006118800424,8.03974778415518,8.04874194382618,8.03959460028526,8.04606519848801,8.04408657422936,8.04391430029323,8.04349260879389,8.04134007909957,8.04684365800865,8.03625460196025,8.03920542296935,8.03797814448614,8.0539571441928,8.04529376507537,8.04133665681582,8.03502776637963,8.03856461266159,8.04289177251107,8.03650293580432,8.03857285826779,8.04301581176989,8.04099722988738,8.05505957946218,8.04275226482978,8.03941434509635,8.03427809908137,8.03413431560021,8.03468446667562,8.04742903452438,8.03619881606937,8.0355947859086,8.04821048841965,8.04525149062015,8.04172308918321,8.04859451158871,8.0365223192606,8.03823746183995,8.04497702238626,8.05235872742668,8.04640781787657,8.03795007731286,8.04416230171657,8.04267448537328,8.04163900852264,8.04615693024632,8.0332364352943,8.0361682089288,8.04405259271022,8.04300535795735,8.0343176189965,8.05143512142125,8.04073943509066,8.04710615118938,8.04719657010406,8.03747247719632,8.03781337358377,8.03412615724299,8.0472478561906,8.04175242409462,8.05562278289122,8.0473831214234,8.04434007413506,8.0386948725536,8.05356676063834,8.0396297313009,8.0480984964184,8.05297262149737,8.0343526734381,8.04128580907169,8.05319495771432,8.04420998070727,8.03596890673408,8.0450918831751,8.040300735761,8.03246147398086,8.03966318012954,8.04202113766177,8.0459495631539,8.03220674956053,8.04959799002156,8.03639263469378,8.04095455632926,8.03882845594028,8.03958413292593,8.05520114807756,8.04772147559425,8.03589031700923,8.04260118170947,8.05104752951625,8.04265408084386,8.04411828466592
8.04460798989484,8.04717032348842,8.03958136799067,8.04285136620331,8.04396779499123,8.03716345589635,8.03896839448126,8.04030587992185,8.04396188382741,8.05741762768442,8.05059577966,8.03732660999132,8.05608092474867,8.0490178768791,8.04809658419559,8.03700006070908,8.03710676828929,8.03810052747836,8.04081859315776,8.04960600058474,8.04974079504079,8.0343746337204,8.05141567949565,8.05491840286058,8.05957476360766,8.02916860178419,8.05089300269481,8.05160008195316,8.05444228540261,8.04785702289979,8.05058603175244,8.05018123506472,8.04974079504079,8.05115806705754,8.04843075138099,8.03451783829352,8.04162777687287,8.03850622976276,8.04151202652054,8.04080427361221,8.04814552116849,8.03465811145038,8.04388273183489,8.04120137969299,8.04107854058001,8.05919639319507,8.03362786293879,8.04050875278148,8.04643021985372,8.04458870011751,8.04938152716346,8.04681351769284,8.03783364212497,8.05177386308391,8.03253491257558,8.03652332761576,8.04119297580061,8.03491834092231,8.04056904317581,8.0333704953178,8.05675449376651,8.04952980375468,8.04345587858276,8.05071292581249,8.04522964201417,8.04499709227863,8.05639257086625,8.04545699441285,8.03792735571029,8.04026022900559,8.04146884264297,8.04456885724277,8.03625460196025,8.04894327406103,8.03923101364172,8.04741781955128,8.03805893431389,8.04198793282727,8.02801546953786,8.04411828466592,8.02881994062573,8.03763010572906,8.03418490801023,8.03237257551845,8.04911985539553,8.05482904270682,8.03938012084831,8.05097971203256,8.02849623273365,8.04485112820577,8.04951534069946,8.04317764645316,8.03958383976332,8.0444573630246,8.03522914022182,8.0418844363592,8.04757657496182,8.03966451403209,8.05422320750363,8.04057963462423,8.04310958685216,8.04326655202336,8.0526224926711,8.04049755772137,8.05894520765377,8.04814552116849,8.04714683657597,8.05264505392675,8.04923893370549,8.05088643737586,8.03421433317031,8.03476049907926,8.04090965665605,8.03792410488205,8.03321027565352,8.04087112205464,8.03791778352236,8.04198385375469,8.04488450185718,8.04735463721244,8.0355940714156,8.04638114077314,8.02420245155701,8.02840352721025,8.03700798631032,8.0365947208665,8.04057892007843,8.03875168784943,8.04750098844318,8.03459112637908,8.03667114253106,8.0304149135243,8.04308796449286,8.0333629481395,8.03929292680636,8.04565054671305,8.03868653174734,8.05233091618332,8.04303018788591,8.030603397929,8.05366283102059,8.04201516469714,8.04753996871232,8.03887045005035,8.04222514068899,8.03800272467277,8.03576152568496,8.04068513897806,8.02016061105523,8.03648471216636,8.03786437263797,8.04527620407266,8.03558132744283,8.03803554090651,8.04675147726297,8.03961084552154,8.05205880908684,8.03427340156972,8.04366000366737,8.03433416405743,8.03742569760198,8.04344061528501,8.04732262838617,8.04397733333797,8.04381097614742,8.05634962518,8.04763028216997,8.02864136282513,8.04513415426038,8.03888952139466,8.04517818296943,8.03642233375293,8.04804041770887,8.04301027005782,8.03961774174528,8.03868066110128,8.04303382954946,8.0429985763166,8.05171617256036,8.05282815248549,8.05081574235005,8.03071177660156,8.04362819797434,8.059118717114,8.04167572625412,8.04873226074801,8.04760277466719,8.04149126213687,8.03199777235756,8.04350340919791,8.04119297580061,8.03941910538333,8.04027330651418,8.0443166327167,8.05168097183608,8.03588392702362,8.03620879359649,8.03375523401675,8.05664839308717,8.04518446785087,8.04324817850464,8.035351555512,8.03897701228378,8.05067994778644,8.03727559230765,8.03375523401675,8.03521421807484,8.04036213437729,8.03463655777881,8.04561140730373,8.03755949631194,8.05919639319507,8.03850622976276,8.04246041947185,8.03767123020526,8.0472664400527,8.0453265449643,8.03147025630712,8.04002520776233,8.03696728740163,8.0486022261678,8.04784976427222,8.04798714467596,8.05015852213409,8.05193473222038,8.04094521315703,8.04078341951643,8.04440147663723,8.04836073809655,8.04239184255559,8.05480634480585,8.03445234794651,8.02661017857229,8.04602559906597,8.04745186193368,8.03830672703791,8.03765334373088,8.04440879012199,8.05089300269481,8.05235872742668,8.03949914791237,8.05952796988379,8.05014247609948,8.04835006724226,8.05316879909601,8.03767100303899,8.04393691690876,8.04472137631924,8.04461761397107,8.03792364283411,8.03472304951673,8.05088643737586,8.05100006119309,8.04442538968654,8.04316148438103,8.05370108711005,8.05154360541044,8.04980777901361,8.0441113575097,8.05182647327798,8.03574086859904,8.06044413694211,8.05227670218672,8.04798872953277,8.04394632846,8.02555707823353,8.04619310979537,8.03785367983802,8.04587677360088,8.04722332116644,8.04505172193954,8.03885264050698,8.04054145516854,8.03873862365071,8.05288795618016,8.04095147095414,8.04075368734324,8.05081584535898,8.03653842960877,8.04049481772685,8.03325792834455,8.03731149615283,8.03829766943496,8.0486686201502,8.04858211844605,8.04174547623653,8.05543911018541,8.03919382424487,8.04382305047637,8.04197359583802,8.04111035207396,8.0404209736334,8.04121625932891,8.05283679159299,8.0381502449151,8.04945287466095,8.03765758761968,8.04455905661801,8.05129328519282,8.03819069044681,8.05643486806515,8.0471146384641,8.05797122115111,8.04282428954905,8.03696791505992,8.06405441907486,8.06235717473462,8.03776770657944,8.04764612370521,8.04602344503685,8.03727559230765,8.04719850719133,8.02801546953786,8.05599170380173,8.035925820426,8.03864411266606,8.04534760052324,8.05020919456087,8.0524720627801,8.04501731594971,8.05602655018232,8.03671637492892,8.04104284285878,8.04670467921399,8.0452418466122,8.04734342188895,8.04062827639516,8.04770035295654,8.05667998245753,8.04937095252136,8.04300892736256,8.04643659627844,8.0579884129254,8.05258062161053,8.05797122115111,8.04139411649951,8.03768721105981,8.05247691932058,8.04106133986394,8.04571492734984,8.03702485790757,8.0365394019066,8.03992863629703,8.04099836171277,8.02985666618837,8.02805395356559,8.04532930508832,8.0305343161356,8.04396552206437,8.0584723710615,8.05081574235005,8.04387985628369,8.03946729952172,8.04668385293303,8.05059577966,8.03463805305625,8.04499709227863,8.04715565599669,8.0398048289135,8.03584556298234,8.03416608378023,8.04343158063498,8.03430083017409,8.04414356517548,8.038382825121,8.04112825041667,8.04115736206129,8.05191853904825,8.03618284818062,8.05344661449393,8.05141280134801,8.04450229674919,8.03242707955712,8.03322940393912,8.04827442456758,8.03594706057966,8.04436286524502,8.05346867763239,8.05253208451241,8.04681309949074,8.03937267977034,8.04565980517716,8.03614794706203,8.05444228540261,8.05132750935823,8.03602483540567,8.0450984071158,8.03868653174734,8.04935305920164,8.04391660170006,8.05282438078901,8.04623971098057,8.02815448624869,8.03555794371315,8.03695018969566,8.04476899918756,8.02998781775454,8.05091918804833,8.06059009708562,8.04015663232733,8.04244878030872,8.04813790767514,8.03629572794591,8.04789070555774,8.04334305340906,8.05848110687532,8.03350666298103,8.04882915315659,8.03341059083015,8.04568529865288,8.04178111185502,8.03956285184908,8.04103348281757,8.03923101364172,8.04684068580943,8.0453415531379,8.0466234578601,8.04805484277584,8.0377576843547,8.03183777046957
8.04611754664183,8.0384850484529,8.03137442877372,8.03438125758757,8.04370090462424,8.03800298551315,8.04509413967927,8.04828130717733,8.04875198176119,8.043434906495,8.06272664177324,8.0441371317332,8.0491665419813,8.05033521811779,8.03789723847939,8.03790795405027,8.0428228621079,8.07417244996244,8.03342179158147,8.04429218273333,8.04586203989766,8.04661356682966,8.04101443292034,8.0345036410042,8.05795576369766,8.04153308092073,8.0427651102454,8.05924748206873,8.03925634276513,8.05338523354515,8.04328083980923,8.03591500690843,8.04218519579896,8.03601066047843,8.04512954345689,8.04395474044626,8.05422722837565,8.04602707829625,8.04475854701316,8.03779680730988,8.05279809073179,8.05101188982753,8.0520159010203,8.04994237667712,8.04275622463489,8.04150324403415,8.04169404308128,8.05030465718824,8.04413440766507,8.03537495600657,8.04562337398533,8.03939106794141,8.05220385776076,8.0480984964184,8.03319410299409,8.03886261707634,8.04013421078054,8.05656185655433,8.03397523769729,8.04487538547079,8.04526972047359,8.03920114672916,8.04136444111419,8.04727237287414,8.04875154699075,8.04990956568364,8.03747668143816,8.03812010622475,8.029041208831,8.05155451969969,8.04314722234306,8.04209167535263,8.04436971988524,8.03996100972551,8.04558693353966,8.04083071369441,8.02910014501333,8.04638216153167,8.04007633121844,8.04495825865726,8.05424869663112,8.0402336664435,8.0591699821154,8.04764098452974,8.03374258009668,8.04591393552466,8.04456885724277,8.03991801330071,8.0327753591404,8.04118563514252,8.04702155984273,8.04569719342387,8.03690331769697,8.04249947765773,8.04105201481807,8.04978129597674,8.03574898469248,8.03428822993357,8.03890316729342,8.04672212155546,8.04082931756454,8.03547675169515,8.04844903082931,8.04045857961014,8.05644793336657,8.03206262066819,8.04319385548832,8.04451795843774,8.04202113766177,8.04226424788351,8.03020467940503,8.03509382167796,8.04730704295606,8.04402717455556,8.04462493667799,8.03319410299409,8.03755664597855,8.05477312041608,8.04673245053774,8.04663425902906,8.04098982760445,8.04771153723926,8.03941914146634,8.05396182237084,8.03866931804728,8.04548362307001,8.03242707955712,8.03984984619273,8.03688402932928,8.03809578286051,8.03982496142779,8.04207954127935,8.04365523945223,8.0438503187852,8.06641833704235,8.03476049907926,8.04521636408196,8.03169896619794,8.03460452784161,8.04011335613662,8.04322991615759,8.04221933984882,8.05988800255323,8.04087112205464,8.03898622890591,8.04223614908169,8.05098297973538,8.04549771928844,8.03547589094685,8.03880574508148,8.03932937553607,8.05193095246258,8.0343176189965,8.0477701575386,8.04089461311808,8.04230567708787,8.04122418872948,8.04482691699772,8.0457627601414,8.03660703270015,8.04692808007922,8.04008899784939,8.04174547623653,8.04725738664809,8.03679080985794,8.04088093980706,8.03764741372141,8.04768627555944,8.03339136513401,8.03941910538333,8.03751668195427,8.04975051190429,8.05457002994809,8.03452726763368,8.04278846534559,8.04143684779683,8.02929897092943,8.03066583257201,8.04018880999274,8.05003932608172,8.052627756026,8.04599180687208,8.04270116833764,8.05376517217458,8.04229537059596,8.03637433008947,8.04257875875373,8.04781409807785,8.05713745485782,8.03668547642057,8.0429222566627,8.0425285103893,8.0376435935097,8.05131922120971,8.04275500439136,8.03766701888875,8.04236347055844,8.04734743933419,8.03985964230717,8.05390130906621,8.05085522069889,8.03830672703791,8.05330012274579,8.05476973659751,8.02833578476769,8.04434777941747,8.05247491818302,8.04300733023642,8.05098020148791,8.04709600977611,8.03586205925553,8.05502484506436,8.04569268823831,8.05351823301381,8.04536711479327,8.04146331018193,8.04793434737158,8.05014247609948,8.04913541533402,8.03610262569579,8.04163376505626,8.04387806565477,8.05122874097568,8.03808471797657,8.03176414232592,8.04095888967842,8.03826567603044,8.03856409898114,8.04707453585713,8.0318599238948,8.04194018889057,8.03843117769511,8.03690624915624,8.05243547672169,8.03753830348488,8.05709597021118,8.04722332116644,8.03988628724405,8.05048550002711,8.03802951066443,8.04458406133539,8.04338222531323,8.02833578476769,8.04050615800019,8.04354977421628,8.0459050483302,8.03953840557145,8.03881645852768,8.03267300331507,8.03881248008694,8.04259075819943,8.03946341160785,8.05723243680297,8.06756925780469,8.03028196664838,8.03716439707899,8.04230323535012,8.0523367755195,8.03799481299559,8.03896190455819,8.04376538020118,8.03885015563561,8.0402428596469,8.04694063683027,8.04604662325839,8.03193700942554,8.04173951182665,8.04694493077734,8.05834320110428,8.05590121285636,8.03349626686181,8.04804190397238,8.05312829576379,8.05206638075422,8.05244305466321,8.03856315048805,8.04918573170339,8.0380374629614,8.05858951173079,8.04349099937639,8.04004087580412,8.04088093980706,8.05164507097183,8.04913478179913,8.03375469590112,8.05244305466321,8.03815838979495,8.05180594996954,8.04172025195441,8.04859451158871,8.03056418944997,8.05168828076516,8.0471369184959,8.05030321163319,8.04573169602794,8.0357905848987,8.04675229925437,8.0490616270214,8.04014348917388,8.04595673993617,8.03977316374745,8.04593191194519,8.04230567708787,8.04435494536903,8.04217567591387,8.03341737566175,8.04277399545817,8.03556403001405,8.03984896320306,8.04271836144461,8.04773020271992,8.04641730323631,8.04383573791173,8.0297610195335,8.03206262066819,8.04771153723926,8.03731149615283,8.04090918178069,8.04577081031273,8.03007305659006,8.05036548263588,8.04196250233118,8.0368630009304,8.04319434957347,8.04542277343782,8.04411544605136,8.03933496857558,8.04152035688846,8.04301143661029,8.03905059603334,8.04647326643072,8.05718393552239,8.03696312016099,8.04068347520642,8.06218165010703,8.04162777687287,8.05018177499897,8.05378760342989,8.03445098769125,8.04203242319302,8.04253654131931,8.03843117769511,8.03529016513505,8.04666369771869,8.04774022742312,8.06087870757758,8.04533676456907,8.04403057726512,8.03102583790278,8.04603442927411,8.04651640023454,8.04518122488045,8.04722014776966,8.04474109187144,8.04663291122441,8.04462493667799,8.05316415036788,8.02923113696157,8.03732635310491,8.03722300239406,8.05550223751973,8.03991634828893,8.04556292583504,8.04320611179695,8.03424885920567,8.04242496434219,8.045555267727,8.04912324918571,8.04970294892348,8.052627756026,8.0516618898412,8.04181573693266,8.04030145121872,8.03521011221717,8.04798881780342,8.03870657907119,8.042829177703,8.0402730548433,8.04838195204431,8.04665069050119,8.03799543583156,8.04070000417779,8.03229356361908,8.02905097979457,8.03836864272793,8.04902191922114,8.04321553993117,8.05558159434289,8.04249187314866,8.03863186713325,8.04089461311808,8.04957550357296,8.038927365049,8.03674152001481,8.04459859909495,8.05507339399779,8.04903607914495,8.04398012414481,8.04573318736534,8.04821156131722,8.04748964288554,8.04408157184041,8.0466581148085,8.05142138864068,8.05076563874107,8.04037840067541,8.03935522924852,8.05462836695463,8.04158502011373,8.05800315708777,8.05011569218229,8.04120204091599,8.0517999305543,8.0491665419813,8.05434117556255,8.04883139513184,8.03735631310011,8.03607848407189,8.03065553625644,8.03895708573307
8.04362049272338,8.04468437425973,8.04533716229616,8.04190491997349,8.04671436872419,8.03965511503367,8.03690389408462,8.04902467127208,8.0326790531406,8.04947039503628,8.03729216440833,8.05800315708777,8.05546133331925,8.04645226947225,8.03648046965499,8.04781395206394,8.04444166597743,8.04881461200892,8.04540587090652,8.03824795933998,8.04008899784939,8.04422266125723,8.04395438955486,8.04041233901103,8.03585003984588,8.04074768725685,8.04367863953784,8.03891885435143,8.04635990932658,8.03706505883898,8.03632558772311,8.03895155817413,8.04337806221738,8.04302683269826,8.05030869582853,8.0399706091187,8.04422091716974,8.03754404522442,8.05202268594821,8.04248288141135,8.04196605002815,8.0488589572138,8.03501476627373,8.04002236159875,8.03952239523783,8.03401630158388,8.04893767065808,8.0524720627801,8.05119240457458,8.04434007413506,8.03799241350368,8.0412935111306,8.03635335137606,8.05334809816814,8.04784720461672,8.04626177256376,8.03973042876307,8.04079150009202,8.04144947590625,8.04472888013432,8.04732262838617,8.03971002476059,8.05170694857189,8.05136891715177,8.05135677390894,8.04558029410005,8.05866663720521,8.03154059055019,8.03728989730214,8.05762511059308,8.05131922120971,8.04430857200179,8.04568504853317,8.03542811519329,8.04458259567769,8.03350666298103,8.03991792652884,8.03911738233784,8.04750098844318,8.0384701752901,8.02734337376919,8.05309158623805,8.0422492431448,8.04539117643083,8.04561315266112,8.04982670105074,8.04407133953503,8.03812065787595,8.04394534975198,8.04530569564709,8.03781773223582,8.05350390189309,8.05248112592283,8.0391838181023,8.03635259554981,8.05617482681438,8.03697528679056,8.04671658476114,8.04340776990713,8.04595991391892,8.03946729952172,8.03635688440177,8.04781395206394,8.05369182091789,8.04143277317909,8.04174547623653,8.04715501671656,8.03656100984199,8.03650293580432,8.04575213963002,8.04615611992135,8.04079480064905,8.02395005312264,8.03744967798483,8.0690238918178,8.04823322173743,8.05054079100032,8.04028240145197,8.03547675169515,8.04149355193756,8.03306431849652,8.04094556716062,8.03634988296074,8.04498210620564,8.04573044903305,8.04600535012918,8.02942081392005,8.03569653993037,8.04101525606474,8.03898809435261,8.03623026042975,8.03396985976006,8.05741762768442,8.04525351096802,8.03958785299143,8.05573889099264,8.05491764394247,8.04543818487642,8.04071488772733,8.05396035097512,8.04291161156961,8.03789993208659,8.03741366632862,8.04092346485074,8.03504979597451,8.04142335619995,8.04189337566,8.03050846743336,8.03449854293577,8.03368940013823,8.04616680713554,8.04164490370293,8.03956993552018,8.03699835072738,8.03386565438065,8.04054933055862,8.04759415998876,8.05097307350738,8.04232228709613,8.03175231978953,8.04183103228128,8.04503513335032,8.05141696672314,8.04537782513874,8.0549064868299,8.04732539790496,8.04712526608486,8.04671707082122,8.05022351446773,8.04226002303057,8.04850818155481,8.03717643537112,8.03772647760445,8.05590158347403,8.04038335096933,8.04693249886799,8.03676798409392,8.03506962542723,8.04018828952713,8.0407566815571,8.04272146946767,8.04798714467596,8.04270116833764,8.04455905661801,8.04718670735113,8.05007874402802,8.03966605132455,8.04764098452974,8.0429292162921,8.04562750830198,8.04798943218055,8.03925915062664,8.03641374354324,8.04053278429628,8.04934286250983,8.04413440766507,8.03413684511543,8.04328170815386,8.03124775621743,8.04472716036825,8.03428569143674,8.03523795493485,8.04481906697893,8.04528237279722,8.04086552635312,8.04335349110658,8.03423048649315,8.02664275105828,8.04604632146656,8.04314753614759,8.03759484645669,8.04467279977465,8.04093698873825,8.03391846394443,8.03361283096677,8.05205880908684,8.04502047255845,8.03929450779649,8.04528737246103,8.03826649489098,8.03478909162704,8.04316119146598,8.04647381950073,8.04679518302678,8.0448763762671,8.04206185381399,8.03614751490372,8.03495101422419,8.04978324327999,8.03361868919242,8.04207016198943,8.04767746007298,8.05327158591616,8.04631239716818,8.04011631728415,8.04410507328984,8.02555707823353,8.03329741716667,8.0466581148085,8.04347124024173,8.03178394156244,8.03919851741305,8.03542472459312,8.044074690267,8.0359652721482,8.03861859815326,8.03535513414947,8.05220976079219,8.0422081727507,8.05208245052948,8.03836142056567,8.03439147513952,8.043593187878,8.03561890537091,8.04917442527334,8.0471101298037,8.04921218433147,8.04698758994423,8.03861859815326,8.05211703085924,8.03785367983802,8.03380534443055,8.0422492431448,8.04253559038796,8.04589992122146,8.04085853976032,8.03041968786663,8.03555480138568,8.04758665573865,8.04139844757547,8.04270249587366,8.04659985712617,8.04999593572637,8.04194685276341,8.03487377439966,8.03520267391788,8.04303018788591,8.04424973232886,8.04015663232733,8.03700684717756,8.04457191486785,8.05042801561052,8.04095147095414,8.05434117556255,8.03109130408244,8.04643096482879,8.04719113349877,8.03842570125409,8.05556455276425,8.0352572040898,8.03973471384314,8.05115806705754,8.0446211113966,8.04108309574435,8.04030370588213,8.03473151441599,8.03529195758352,8.04560282944858,8.05166437097446,8.03968396299476,8.05164507097183,8.0474270266095,8.05187099353912,8.04392447398047,8.04177288922678,8.0530673958713,8.03688173525495,8.05087590910501,8.0428599925641,8.03125841093352,8.04182957468003,8.0448763762671,8.02811172265474,8.05048550002711,8.03855558380944,8.04008571829877,8.03281130528019,8.04103222662561,8.04844025042162,8.04417781367835,8.03475399968745,8.04445398812833,8.03713963538727,8.04379542347766,8.04020771459008,8.03706057787176,8.04096676630841,8.04390862603843,8.03653943202418,8.04403936727945,8.04394337146992,8.03041968786663,8.04710817613136,8.05226399065673,8.04800509394945,8.04332952188646,8.04921218433147,8.03571154726178,8.03361256241388,8.0464373415022,8.03470414044209,8.04554499029812,8.03775304953484,8.042829177703,8.04774928947653,8.04794226383566,8.03790795405027,8.03866931470658,8.04825956407437,8.04408657422936,8.03824883721153,8.03396985976006,8.04207016198943,8.04332318101664,8.05036269798202,8.04066234545585,8.03228823709813,8.04305127615489,8.04449104039067,8.03857790601873,8.03944735540828,8.03833181946928,8.04436288518275,8.0418401733767,8.04008040693099,8.05121707939823,8.04830350564672,8.03100896007559,8.05186901825657,8.04409291676425,8.03968811954861,8.04026826199932,8.03698146335311,8.03885849703228,8.03952798575656,8.03660644068575,8.04433569300989,8.04472137631924,8.04777468449855,8.05137663088285,8.03943003807935,8.04783702071499,8.03919268672601,8.0477613414244,8.0428426825819,8.03909325243694,8.05507966470785,8.03792451871634,8.04669832833074,8.03329741716667,8.0398849183027,8.03139943185838,8.03908885877332,8.04667907228508,8.04659745292958,8.04118911623321,8.04160548310087,8.05123673048545,8.04927241170124,8.04575327708486,8.05036548263588,8.04306727063216,8.04719367033134,8.03767123020526,8.04438748757309,8.04431222268916,8.04317125451567,8.03377268112991,8.04777034189719,8.05716374860275,8.04871410476551,8.04517629633795,8.04977733333713,8.03834630440689,8.03966451403209,8.0523263212643,8.04841618303497,8.0457545484875,8.04080427361221,8.05143301035959
8.03358398853059,8.04509029359681,8.04528152154043,8.04231748480096,8.05651208764773,8.03604939856181,8.05012663545758,8.04597863213197,8.04835074983771,8.04626177256376,8.03368419412653,8.03206732098331,8.04761683321251,8.04311251854306,8.04789162026843,8.04242134471563,8.0476852705805,8.04409207242703,8.04983172126807,8.04715288890612,8.04969481096861,8.03527024407706,8.04576771117282,8.03568127678768,8.04420062330947,8.04281919962974,8.04341192231594,8.04501966383598,8.04196194553794,8.03616568226006,8.04580661673498,8.06160912045035,8.04871848049486,8.03574677610073,8.02963053322388,8.0395917097678,8.04638114077314,8.04229537059596,8.04608787934666,8.04759415998876,8.04760235012242,8.03853655496268,8.04816036552194,8.04007898406439,8.04237921495669,8.04057235365652,8.04069443506327,8.03991634828893,8.04138891771948,8.04198428441486,8.03812041525812,8.03805177659113,8.03690712568051,8.0428897708922,8.04770131101324,8.04458245134292,8.04165097550072,8.05191880938915,8.04403754882338,8.04713629652924,8.03119909472714,8.05364075531185,8.05314861660294,8.04407758688159,8.05464056422,8.04413201347159,8.04240214588526,8.04657697572756,8.035035036956,8.04387403827903,8.03635420507777,8.02910014501333,8.03850383939359,8.03826481940316,8.0423440270852,8.03992863629703,8.03894764741899,8.03470448207077,8.04441104285163,8.04681659375632,8.04595379904123,8.04302878090034,8.03930651265214,8.04785677505244,8.04311201558036,8.03179353366533,8.03499260177638,8.03792223779698,8.05527196620834,8.0402428596469,8.04078796240807,8.03901030244653,8.04395306862527,8.04103442569851,8.05066852515074,8.05484108198671,8.04140627318634,8.03713648739615,8.04667395492689,8.03566542578685,8.04789750957293,8.03386254285708,8.03941011918437,8.0517999305543,8.04485322561349,8.03446888845233,8.04682451881794,8.03659852915784,8.04036213437729,8.0595162817579,8.04604662325839,8.04523243931877,8.04601586899316,8.05011986637653,8.03946917927115,8.04387615000885,8.04054479674809,8.0523263212643,8.05133560825762,8.03747480708751,8.0419224954998,8.04707960487836,8.04735463721244,8.03851477014134,8.04311201558036,8.04470232351801,8.03488590287514,8.03050929897858,8.02889542422496,8.05197378326092,8.03939824255936,8.03779154655378,8.02667555406239,8.04819522863418,8.0351573025569,8.04669490328273,8.05483191113104,8.04754492726779,8.04825956407437,8.0471146384641,8.04338222531323,8.05209630844048,8.04573224824083,8.04064451118604,8.04415012709766,8.03279407991059,8.03620278507101,8.03247318539767,8.04371395358242,8.02960977148363,8.04683757680746,8.03634988296074,8.04729530977163,8.0379177591996,8.05121922030775,8.03854885056226,8.03589031700923,8.04694493077734,8.03803624010032,8.04548906027721,8.0480392921527,8.03932301213257,8.04509426270721,8.03679080985794,8.05072319593713,8.03788233991204,8.04321553993117,8.05564128241237,8.04464846300661,8.0445330438938,8.0438503187852,8.03519196086717,8.04182560804169,8.04387611322494,8.0521590092941,8.03729216440833,8.04389485788311,8.04187138172819,8.04614311410216,8.03652963475246,8.03263270175875,8.05041012699805,8.03912287944327,8.04082338941942,8.04476198955107,8.05166227159023,8.06462653715596,8.03781945676556,8.04491793594699,8.05415104331666,8.037186949772,8.04756155145526,8.04069313924363,8.03179353366533,8.03812572395475,8.04465717876127,8.04356152092807,8.03361256241388,8.04959799002156,8.04582503956616,8.04666307207518,8.04543018165654,8.034444007099,8.04248135020606,8.03587307628113,8.03832650543867,8.04038411891421,8.03783193403888,8.0523367755195,8.0325263017048,8.04632492665955,8.03140624320214,8.04142606213645,8.04589947899349,8.04820407341424,8.0542257401363,8.04734758585583,8.04375170188387,8.04472888013432,8.03983298327995,8.05012892446697,8.04163010167851,8.04489539318752,8.04523610631646,8.03796281345981,8.02751188083096,8.04458406133539,8.04065609486,8.04178053135101,8.0381502449151,8.03394157380351,8.03722300239406,8.04491793594699,8.04798708782918,8.03099206655613,8.04193909146131,8.03640681102065,8.03505907277389,8.04360977237118,8.05693581738869,8.04705786982959,8.04914070856329,8.03820859663676,8.04519668462665,8.03826029483003,8.03670522531267,8.05445858626598,8.04191476598311,8.0497586523015,8.04202042566503,8.04718443022334,8.02842314570981,8.0356124900403,8.0437961549571,8.03116810979592,8.0441113575097,8.04259075819943,8.04152035688846,8.03920493213414,8.04695692721355,8.05111166531531,8.0441433811886,8.03339772176875,8.03640824065065,8.03801693347418,8.0384143171042,8.04594363514399,8.0374628575284,8.0456029990367,8.03259815901417,8.0444573630246,8.04720198990821,8.03965511503367,8.03509382167796,8.04096450930309,8.03640681102065,8.024074070291,8.03476860576889,8.0343176189965,8.0442609708688,8.04748098064204,8.04194489212392,8.03945529606549,8.03170499657789,8.04420062330947,8.03109360562819,8.03782497154782,8.04961956974268,8.04965406195926,8.04746358340479,8.0358729947179,8.03856461266159,8.03847874303088,8.04306727063216,8.04174911698363,8.04162777687287,8.03962125977504,8.0393063635187,8.03239590457102,8.03553063579687,8.05252186052502,8.03488590287514,8.03822484908767,8.04674889421352,8.04591500259034,8.03775015311257,8.04768087406674,8.03311198091832,8.03789028950196,8.0297610195335,8.04169404308128,8.04412181158949,8.05799582129847,8.0452605142272,8.03655761490676,8.0297610195335,8.04737185778951,8.04154547715401,8.04682770324406,8.03694404474306,8.0507553632446,8.05249741103983,8.03714049443092,8.04105283543095,8.04388521656436,8.04077702948705,8.05152483447504,8.05588690345886,8.04052949171631,8.04834932456049,8.04457683551712,8.04567546152086,8.0390063384045,8.04366039175038,8.04595220297837,8.04319385548832,8.04030767827855,8.04094703243003,8.03542011625261,8.04328083980923,8.04683178735007,8.04228696188477,8.05364075531185,8.04096373649793,8.0483909203905,8.04334136229887,8.03407709844044,8.03197748691839,8.04121765798042,8.04503506770186,8.03469676029444,8.04066234545585,8.0507224406734,8.05201015917027,8.03546789067067,8.05046242372262,8.04526837820586,8.04084861547932,8.02929380234819,8.05142302104623,8.03470727876364,8.0550170564073,8.03804131669921,8.03861005534747,8.03768491471175,8.04506755285789,8.05128204993786,8.04998513111157,8.04172512879231,8.04057235365652,8.04646028821892,8.04933962894877,8.03514117068944,8.04318047990355,8.04308988555786,8.0465114524999,8.03359093166598,8.04872711945759,8.04139411649951,8.04797496476153,8.05457341530981,8.044076353117,8.04569157952859,8.05121922030775,8.03582547855954,8.03339126902707,8.04637554571399,8.04593191194519,8.04799902818951,8.04137827570124,8.05222745253332,8.04458259567769,8.04576109283575,8.04669832833074,8.03327224338261,8.0402730548433,8.04488205835391,8.04286615309323,8.03294229692347,8.03699861128313,8.04689534588563,8.05391556942107,8.03566502149985,8.03413186296809,8.0427007740301,8.04905607957546,8.0483909203905,8.06071425187692,8.03485510402979,8.05007329518882,8.04428674477749,8.04710615118938,8.03839004730873,8.03121237804027,8.04626041096951,8.0313563058292,8.03812012165768,8.03597249654136,8.04549771928844,8.03739594148642
8.04844736356512,8.0573981996606,8.04454748482734,8.04596060859035,8.0463905220233,8.03765529204328,8.03748399196485,8.04026112549219,8.04125690777247,8.03861553110444,8.03886270148536,8.04387171563556,8.0443071376796,8.05577228670681,8.04297095794599,8.03849242539155,8.04529698644038,8.04362340199969,8.03123275357202,8.03843938936096,8.03279205673806,8.03946443177919,8.0409496199385,8.02617937615873,8.03251225223409,8.03220545209465,8.03511021873267,8.04071334618396,8.03038338397196,8.04199941246714,8.05800315708777,8.0407396991793,8.05399472287135,8.04169472063016,8.04997495393657,8.04736325436436,8.03861553110444,8.03525659128683,8.0478706041154,8.04683831985716,8.05540035878825,8.05443340573114,8.03839978569419,8.04080765867564,8.04455571447032,8.05142138864068,8.04236164167389,8.04936427358099,8.04699201492867,8.0475780094797,8.04664398149256,8.04295080217988,8.04396427431432,8.04472589718477,8.04037133571896,8.03966108941807,8.04514871050149,8.04747458948584,8.04150584766856,8.04034518162839,8.04212003073006,8.03091235982595,8.03436254128503,8.03869114902766,8.03727559230765,8.04724781664766,8.04463634029834,8.04374837706428,8.0480392921527,8.04197359583802,8.04389913664333,8.04089156799832,8.04039049355674,8.04707960487836,8.04543731170049,8.04104002106813,8.0513395098259,8.04274713245141,8.04061430012376,8.0309746277027,8.04373166232659,8.04087589983395,8.03331558390048,8.03950898026978,8.03987868831202,8.04826404768218,8.04494212756012,8.04198096937071,8.05164507097183,8.04622292368514,8.03529510578891,8.03631350662327,8.04099401849655,8.03956859587162,8.03721826035993,8.04176322112718,8.04221002590631,8.05057957448708,8.03859126924579,8.03633404706116,8.04377742722373,8.04334269567104,8.05311564211176,8.04152029563177,8.03738514608411,8.05457084982059,8.04722332116644,8.03971276779822,8.04109978527037,8.05136891715177,8.04285136620331,8.04778069663042,8.04098097554914,8.04066234545585,8.03800298551315,8.03387318849656,8.04221726419131,8.03927016417967,8.04749091467888,8.04313134042547,8.03886458791857,8.04017277762602,8.04904704916599,8.04319434957347,8.04622747084695,8.04944743547261,8.05318981276338,8.03759486304726,8.03561047792862,8.04238081029301,8.04030145121872,8.05396271794177,8.04611028714319,8.03413383529336,8.04609355244611,8.03836392319234,8.03577188515299,8.03572466440342,8.05346867763239,8.02648777681789,8.03237257551845,8.05397792154425,8.04038153434282,8.04136074639295,8.04098982760445,8.04690499591599,8.03632558772311,8.04198517728621,8.03880574508148,8.03740640890063,8.04093826587789,8.05326906113104,8.04463274403463,8.04195245140048,8.0460996247173,8.04404295923798,8.05121707939823,8.0479464316017,8.05736237677719,8.04269731093263,8.04080561302375,8.03249798178884,8.04306550042688,8.05599780090931,8.04105201481807,8.04371515290742,8.04849746211855,8.0280150182866,8.034295080615,8.04244521896528,8.04347652129464,8.04512130352215,8.04389592950369,8.04229005834808,8.03675357481843,8.05429650671892,8.05556998063595,8.03710334013128,8.0368824882606,8.0495579125605,8.04033754955731,8.04731400579196,8.04902467127208,8.04392885575448,8.03294229692347,8.04193822910118,8.03413713230066,8.03697177993022,8.03585003984588,8.03368940013823,8.04043708736785,8.03387318849656,8.05038254528402,8.03970618201558,8.03842179060943,8.04675518531224,8.03824795933998,8.04669832833074,8.03281515280046,8.04682451881794,8.03300453572224,8.04389250651328,8.04264962250263,8.04994948174295,8.0482818549539,8.04237921495669,8.04815631510239,8.03983901295934,8.04255997899512,8.04897155167715,8.05086502054996,8.04533744972026,8.03563800434357,8.05408058715865,8.03119307207383,8.04961786320945,8.05634962518,8.03828780355023,8.0463345537485,8.04361747350685,8.04461010610145,8.05688356679542,8.04130422114438,8.05300507281441,8.04522928760891,8.04326356507185,8.03599088369203,8.04295936972451,8.04794666023028,8.0383828187423,8.03641374354324,8.0433022254147,8.03697228540134,8.03983631518968,8.03562814954093,8.04605081871335,8.04312697096141,8.05489497601605,8.0585546967639,8.04448521499621,8.04764837575032,8.04098411341686,8.04583508075821,8.04074768725685,8.03901522003032,8.03422211999729,8.03496788018997,8.03765334373088,8.04960771695242,8.04137930260932,8.03835705666609,8.05171343602443,8.04033754955731,8.04526972047359,8.0350532667966,8.03954992293902,8.03145299497289,8.04301512930266,8.04121625932891,8.03762137020491,8.03688257889595,8.04127785475001,8.04268281395105,8.04718443022334,8.03622657206139,8.03868653174734,8.0480926511595,8.04750593249572,8.05253740025212,8.04077302685737,8.02526611544468,8.04699422161014,8.04238412145501,8.03936552474852,8.03734233872543,8.04304431658377,8.04125182044918,8.03139943185838,8.04022402756559,8.04300892736256,8.04194364795389,8.05222745253332,8.04528378311279,8.04894856155908,8.04602344503685,8.05314645789679,8.04543339632793,8.0449726139819,8.03973169731197,8.04461251206823,8.03462885792311,8.04342007036298,8.04178111185502,8.03203642411731,8.04250271042884,8.03956827293228,8.0438179354751,8.04472472909029,8.04234238736202,8.0412001775292,8.05756249892463,8.03508590172184,8.03629065618376,8.05441456751501,8.03996891520029,8.04760277466719,8.04831304020774,8.04345579478223,8.0432252626406,8.03733307133856,8.03872374261277,8.04512262917541,8.05077714057608,8.0374905340562,8.03416162851504,8.04074901189188,8.0451391512641,8.03800298551315,8.04078977893927,8.05148740381038,8.04352014063458,8.0477701575386,8.05012617118051,8.04522928760891,8.03797674801512,8.04372407134011,8.04789750957293,8.03267300331507,8.0367216772267,8.04737737611071,8.03047338801545,8.03696728740163,8.03889486822797,8.04444344119285,8.03707882538406,8.04072391921088,8.04253581352663,8.03854824490003,8.03469250448226,8.04104834345514,8.04122170562741,8.0505833817404,8.04708631898372,8.0377576843547,8.04367006298773,8.04513415426038,8.04524010333548,8.03843858176247,8.03725337415933,8.04164831055471,8.04400708806371,8.05625723583053,8.03931497408904,8.04264436078625,8.03886616667437,8.04178562284705,8.04587677360088,8.04576976482068,8.04863839408868,8.03372041230507,8.04897155167715,8.03166913583683,8.03793248015483,8.04128455769459,8.03940299335157,8.04856000515421,8.04722095241245,8.0356124900403,8.04253244971463,8.04872290296826,8.05270656587069,8.0390226599891,8.04863837121931,8.03071177660156,8.04560594415661,8.04139019017681,8.04150324403415,8.05516478085926,8.04057488980677,8.0465192473928,8.03836326874007,8.05032970158367,8.04863839408868,8.04842989364559,8.03888193857958,8.0428900648433,8.04545418478393,8.03382339158332,8.05400454895476,8.04996172920818,8.04576109283575,8.04950923447054,8.0438179354751,8.04618020249193,8.04347124024173,8.0461441286388,8.03574758621798,8.05319423031051,8.04547488121268,8.0540805187648,8.0441371317332,8.04643639600455,8.03685413106497,8.0535083717288,8.04060839098632,8.04492290096783,8.03649634251333,8.03297622100509,8.04699204033471,8.04294234036109,8.04682538220684,8.04436868892316,8.04399167235507,8.04728987846397,8.03819069044681,8.04461063437486,8.03897889656865,8.05226999617027,8.04935542257747,8.04169105244099
8.04372319047193,8.03117196961353,8.04337806221738,8.05131390674364,8.0435211170027,8.04308796449286,8.03911333592381,8.04230323535012,8.05734643276842,8.04223530745935,8.02370306546518,8.04163376505626,8.04798881780342,8.04844025042162,8.04169848598231,8.04118277433819,8.04167869888758,8.03216390732461,8.04227458242312,8.04234238736202,8.03918632676832,8.04977274908011,8.06756925780469,8.0446211113966,8.03567833725768,8.03892380644742,8.05621149333343,8.04237921495669,8.04873655537521,8.03496788018997,8.05020391356182,8.03942576149974,8.03832361031122,8.04436971988524,8.04655699446086,8.04130124746881,8.04093814290017,8.03881901377364,8.04186705529391,8.03905059603334,8.04609094527562,8.03828780355023,8.05463591929707,8.04441027535861,8.03393964261168,8.03732635310491,8.03974066301101,8.05251399243766,8.03813856124909,8.03266055964657,8.05197946784955,8.0508085216539,8.04692808007922,8.0584723710615,8.03887531434034,8.04389625596614,8.04526264066647,8.04345579478223,8.04385765828802,8.05372111571545,8.03712153585487,8.05191880938915,8.05597912649145,8.04692488321665,8.03914249596348,8.05541006355081,8.04064451118604,8.04921878182605,8.03749470950907,8.03565147097421,8.03754835787643,8.05092895285783,8.0411348972824,8.04674018192618,8.0401452797076,8.04490923464736,8.05180233575519,8.04432316483446,8.05339215902688,8.04661073994809,8.04778891731797,8.03258416304422,8.05866663720521,8.03688054642294,8.04633276488055,8.03645722487854,8.05272352311261,8.03725551859298,8.03537637720935,8.03745390393371,8.03869289373421,8.04282767536415,8.04413440766507,8.04297646273784,8.04821048841965,8.05044006076002,8.03994871556094,8.03803211905834,8.04077421579754,8.03981274167995,8.0397084838329,8.04077413113018,8.0393015495256,8.03978749661515,8.05821334014644,8.04404639172511,8.0418775881469,8.04575282309378,8.03119307207383,8.0467467616687,8.04611028714319,8.04093826587789,8.047052535902,8.04612965202918,8.04066234545585,8.03542011625261,8.03992366957853,8.03613001074986,8.04898642188416,8.0526224926711,8.05032884954786,8.04068296283551,8.03920960030614,8.04068296283551,8.04270249587366,8.04482397149665,8.04291987806689,8.03542088920847,8.03932301213257,8.0451391512641,8.04107652424855,8.04937497733079,8.05069592300536,8.04715707919793,8.05261415884668,8.03917787641066,8.03722300239406,8.03805750422423,8.04460577224376,8.03470448207077,8.02884710544527,8.0374905340562,8.04484826666224,8.04045210069391,8.05303176824128,8.05457002994809,8.04460387462445,8.04761683321251,8.03578953505712,8.0474638709935,8.03766701888875,8.04021678808371,8.04137930260932,8.05418904962396,8.04877000610524,8.03857360870376,8.03701540917813,8.0461013080124,8.03998831753182,8.03834630440689,8.04310958685216,8.04550380691087,8.05177211208679,8.04757729412676,8.04651025089101,8.04686994745811,8.05419609385125,8.04991730024733,8.03473657302456,8.04967246442424,8.03614867310085,8.04089461311808,8.06418085162761,8.04318047990355,8.03401630158388,8.03775440455036,8.04404099178199,8.03635567526911,8.03832361031122,8.04427344214675,8.04638965832805,8.04405347845527,8.04674018192618,8.04603133383517,8.05605853258047,8.05280225946252,8.04440147663723,8.04903896615876,8.03265523321562,8.04795916597606,8.04495145488109,8.05351348748648,8.05417040933654,8.03941393089177,8.04045369026847,8.03776770657944,8.04345587858276,8.04415546426441,8.045013595183,8.03810052747836,8.03857473673159,8.03979457169438,8.040379977539,8.04481770560237,8.0391286044662,8.03782497154782,8.03462123872662,8.04485956642901,8.05756874984902,8.0450584153557,8.05253208451241,8.03971492837175,8.04486366172161,8.04089617127192,8.04160548310087,8.05883482666166,8.04883053024738,8.04167101384942,8.04045589231115,8.0395327241019,8.04654637640663,8.03182419821369,8.05193095246258,8.04879800469949,8.04732961306606,8.0486022261678,8.04109729485549,8.04197664311696,8.05186496288596,8.03705442872617,8.04480039391324,8.04633276488055,8.03664342309008,8.04685249792434,8.038823479667,8.04990390787146,8.03877900671738,8.03974052424506,8.03658240671224,8.0435510369859,8.03755032105893,8.04164490370293,8.04108642838651,8.03229997659647,8.04658865774763,8.03873796237586,8.05515124946561,8.03419421428613,8.04146331018193,8.04000220114803,8.05131390674364,8.03817562326802,8.05070440915425,8.0453265449643,8.042023164687,8.05184883624576,8.0470418351499,8.04320087751977,8.02937363733747,8.05317460059938,8.04613719483469,8.04668385293303,8.04108966933455,8.03959460028526,8.0329176895841,8.04922406771979,8.04194249421426,8.05068284922777,8.04734743933419,8.04830347266422,8.04248838600484,8.05599780090931,8.05038254528402,8.03208289075664,8.04093826587789,8.05629311146245,8.04141780612624,8.04510999723205,8.05095117396336,8.03649634251333,8.04172903075593,8.06266247188929,8.0393162779295,8.04998513111157,8.04904996095191,8.03725298349268,8.06232892835278,8.04136444111419,8.03688790928774,8.04667781395891,8.03990080231723,8.0552600328002,8.04067136037529,8.04172994421538,8.04698557228603,8.04546574195596,8.03929898844808,8.04728217944279,8.03250600533051,8.05145516754549,8.04046344912138,8.04869315301025,8.03918709800784,8.05790787689339,8.03952574316937,8.04867714968919,8.04315847773124,8.04590030226189,8.04342007036298,8.04709799475489,8.04991138619584,8.0316513691812,8.04825904812654,8.04800259801014,8.03451157539894,8.04295898894594,8.03546495788163,8.04366809291796,8.03926206604471,8.03825263207519,8.04101216640302,8.04318047990355,8.06462653715596,8.04321598195469,8.05020391356182,8.04564800538044,8.05253208451241,8.04371748665177,8.02698508121305,8.04869222592219,8.03762137020491,8.05166261015112,8.04124640670832,8.03748504233111,8.04924057775195,8.04811329146389,8.03655474136061,8.03655474136061,8.05185385927307,8.04812380927638,8.04197491277408,8.04939246924675,8.04404099178199,8.04912324918571,8.05560281316576,8.04619605293645,8.0390983606232,8.04513646196324,8.05090080497112,8.04011335613662,8.03408137003945,8.04154810784974,8.05219140651124,8.03605844704198,8.03838437763241,8.04802692339261,8.03939831821744,8.02678928820399,8.04442622232129,8.03119829801996,8.05664886445494,8.0441371317332,8.05491432055907,8.0407082968645,8.04944003020378,8.04178111185502,8.04044327711388,8.04810271459175,8.03162703417061,8.03283027386603,8.04967246442424,8.04699582308647,8.04253581352663,8.03432903456582,8.03570807496263,8.05722802405096,8.04756320457792,8.04633276488055,8.04970294892348,8.04440939356197,8.04957742702185,8.0379177591996,8.03883181457417,8.03369448231946,8.04332616547489,8.04651791041557,8.0386818104791,8.03403770092616,8.04600428529364,8.04610631179036,8.04690369955802,8.03978679744636,8.04050875278148,8.05328507331837,8.0343176189965,8.04408147672186,8.04966981783784,8.03327224338261,8.03847874303088,8.04897155167715,8.04191428178713,8.03915326559259,8.0460996247173,8.03488151211181,8.03863973340436,8.04319627750049,8.04318509600999,8.04590578504084,8.04626061978836,8.04729402636185,8.03917039825104,8.05218500086773,8.05040671857073,8.0277908694512,8.04518122488045,8.05055886783185,8.04436355842507,8.0457411829324,8.05499340102815,8.04066985574014
8.0361152943484,8.04535646787495,8.04120328857652,8.05601773070195,8.04647326643072,8.04312713504542,8.03006952643945,8.0304149135243,8.0475259519559,8.03586601026123,8.04309413194533,8.05244666794375,8.03699819625858,8.03810292669022,8.05068284922777,8.06255974880491,8.0540347719111,8.04684068580943,8.03741716925117,8.05141482728882,8.03564025037632,8.05058219121224,8.03854102328205,8.04570007438211,8.03645287539229,8.0471101298037,8.05032884954786,8.04914098342213,8.03211932598641,8.04327708262835,8.04157411461028,8.03496357279765,8.03490497469847,8.04617102506807,8.0449385474842,8.03470702533272,8.04886607181996,8.03651720628406,8.03692342274692,8.03843367524707,8.03561614807602,8.03229980239629,8.06338669528199,8.04026251778349,8.04446885791468,8.03894365852068,8.03214976340572,8.05233091618332,8.05108405699083,8.04686994745811,8.04837402947956,8.04943420380253,8.0398849183027,8.05319423031051,8.03933496857558,8.03575704079495,8.03561047792862,8.04512529603464,8.04201516469714,8.04871849648836,8.04203425624553,8.03111117287795,8.04593364476664,8.03709885783402,8.05667939197454,8.04439858867233,8.037186949772,8.04080561302375,8.04210592252398,8.0441371317332,8.04575995638841,8.04454242303981,8.04376945130129,8.05004514409241,8.03667181540468,8.03768491471175,8.03377288584346,8.03854823545635,8.04836861794707,8.02887737621813,8.0346774845757,8.04262072759441,8.03050929897858,8.04192332861864,8.03470448207077,8.0347314990151,8.04875670389741,8.04480771935153,8.03821064077944,8.03849242539155,8.04639291628501,8.03959396336615,8.0308307275245,8.03438125758757,8.05534628692184,8.03996100972551,8.03233104211546,8.03831069517067,8.04391939842785,8.04045589231115,8.05262236332244,8.03656504957996,8.04569095937099,8.04836892557426,8.03865835362392,8.03690389408462,8.03562705987562,8.05315919126016,8.05114851155063,8.04351577925923,8.04395444836288,8.04008372001699,8.03741312900584,8.03187329839648,8.0514609450402,8.04622932241991,8.04045210069391,8.04823322173743,8.03349626686181,8.03266055964657,8.02509302229333,8.04820407341424,8.05613459268215,8.05148035042154,8.05244666794375,8.05067242532093,8.03886616667437,8.05533871275277,8.03502776637963,8.04127199652861,8.0343239802685,8.04688552532966,8.04996300004907,8.04151820272937,8.04457809166011,8.04073768388235,8.04944641692394,8.05006264071666,8.03903619934245,8.05033521811779,8.03430083017409,8.02722527216717,8.04388334498131,8.04324817850464,8.03438125758757,8.05420476138394,8.04560594415661,8.04511772392853,8.04385691046542,8.04374837706428,8.03492813443184,8.04001940430037,8.04300701067175,8.04588550586527,8.05810002172444,8.04460291888238,8.0512462252204,8.04627080461777,8.04550937859205,8.04577191713435,8.03873700155027,8.0343176189965,8.03388731475778,8.03695772195922,8.03327853668404,8.05220537991945,8.03849245538347,8.04523084853273,8.03463112020884,8.04574825176468,8.04891142864823,8.03855735997055,8.03966318012954,8.04370667831186,8.05306161959718,8.04238601367069,8.04095821892288,8.05559513784488,8.03869289373421,8.02889542422496,8.03925634276513,8.04299804899664,8.05380662627806,8.0457269216829,8.04719367033134,8.04729213532374,8.05392717741599,8.03952574316937,8.0431872739657,8.04983135280314,8.03829251318315,8.03351943991616,8.03707400370198,8.04118563514252,8.06641833704235,8.05032623552446,8.04663291122441,8.05231777518371,8.0382411922023,8.04474109187144,8.04502047255845,8.04172903075593,8.05762511059308,8.03613013369235,8.04324797086156,8.04404470625894,8.03991117678306,8.04523465619499,8.04272577471624,8.03156303816362,8.04770022690829,8.04454493989127,8.0372591768176,8.03868191064137,8.04572334682035,8.05346434875156,8.04217652316539,8.03747520783439,8.04009874202388,8.06045031993109,8.03212521552522,8.05077156694265,8.04343258522579,8.04230877297021,8.03734367284477,8.03604317129047,8.03705248919975,8.04389364175028,8.04744410140372,8.02729739376608,8.04156498839842,8.03627022011991,8.03751137797074,8.03614794706203,8.04585276395201,8.04400800086081,8.05290921045195,8.04630700846691,8.03659043166258,8.04514120545424,8.04058108794533,8.03449959912716,8.04768643565957,8.03918444106638,8.04712195893273,8.04173426598041,8.03887531434034,8.04637990369316,8.05071112016025,8.04561841561507,8.05098984731979,8.03726591102368,8.04561979085581,8.03710828470139,8.0410625654593,8.04622932241991,8.03878937365406,8.04977875225737,8.03748399196485,8.04093826587789,8.05270656587069,8.03773199837854,8.04292336573658,8.04718670735113,8.03537986282967,8.04560594415661,8.03339126902707,8.03494949745937,8.041274970326,8.0400311175547,8.04543818487642,8.04125030265448,8.03820859663676,8.03628037028837,8.04977911663298,8.04340305819108,8.04111082386886,8.04677075977931,8.04556292583504,8.04603426462704,8.05096876868186,8.04335402362067,8.03175231978953,8.03799543583156,8.04259986189049,8.05746991257964,8.041640660062,8.05084496394577,8.05243165645716,8.04595991391892,8.0395327241019,8.04334123181098,8.04326356507185,8.0565877897313,8.03929292680636,8.04518853757909,8.04138891771948,8.03918759890773,8.04194626170385,8.04044327711388,8.04461576351813,8.04019397300214,8.04641730323631,8.03962300889876,8.0470833675121,8.03953331667606,8.05016329925128,8.04495431750432,8.05985658545983,8.05123205678117,8.04829646357694,8.04797496476153,8.03064386840071,8.04707960487836,8.04547696979138,8.0465345431459,8.03216390732461,8.055664941409,8.03464100581886,8.05334809816814,8.03182797202223,8.04911982371059,8.03733436293234,8.04380845217397,8.04207016198943,8.03264641186443,8.03664488725389,8.0476852705805,8.05005823550155,8.04865017066382,8.04919272002511,8.05600551791925,8.038382825121,8.04502047255845,8.04134007909957,8.03578470398378,8.0427651102454,8.05525877738411,8.04516292907763,8.04104834345514,8.03420146714239,8.05178037156181,8.03184117848522,8.04117448792311,8.05245250419268,8.04229530208402,8.0426737153386,8.044887164117,8.04823322173743,8.04534026143857,8.04757729412676,8.03754799216645,8.03589964275371,8.03504489864969,8.04367162914627,8.04617031299464,8.04262053884643,8.0467328146858,8.04583045640081,8.03413383529336,8.04283297595359,8.03993671480199,8.04454242303981,8.04735880961055,8.03074772986089,8.04569482973312,8.04464294433265,8.03504120693398,8.05019336511208,8.03646047876942,8.05141696672314,8.04194626170385,8.05026878800261,8.03694685552121,8.0413499274745,8.05079874965003,8.0480651439996,8.04708812402431,8.0491665419813,8.04250271042884,8.0391396406823,8.03152343039587,8.04581465276561,8.04655070635452,8.0494629144567,8.03861853093145,8.04627027974832,8.04472716036825,8.04155329230094,8.04573224824083,8.05576333333086,8.03454074742499,8.05171343602443,8.04728987846397,8.03212096021121,8.03765758761968,8.04895615899416,8.03372041230507,8.06367409546238,8.05117144656568,8.03157863143307,8.03403176298476,8.0377958290077,8.03009038263284,8.05716374860275,8.05141358716243,8.03856880539049,8.03892380644742,8.04566874551915,8.04258422920923,8.05484108198671,8.04881730365509,8.0370375864242,8.04367587685931,8.04181862155055,8.04265505276123,8.04041233901103,8.03988112238494,8.04407617347902,8.05013589808022
8.04640629779733,8.05141431095426,8.04094502650889,8.05262236332244,8.04098097554914,8.03752532325701,8.04249383074698,8.04466720439626,8.04671333405174,8.03416559259761,8.03362786293879,8.03755630285712,8.04238927388351,8.0515185967753,8.05081663136142,8.0365072580177,8.04119997300399,8.04029518052223,8.03712406230854,8.0404472950637,8.03384808189467,8.04959799002156,8.0374628575284,8.03739594148642,8.03741098091332,8.04525580924408,8.05107419119826,8.03856614642639,8.04190421546832,8.03399490466868,8.03464897567318,8.03167501149959,8.04139411649951,8.05862805300348,8.04746237452886,8.04438460621689,8.03504120693398,8.04539806823854,8.03338058376166,8.04087794156036,8.04506253247093,8.04046188972509,8.04889854843841,8.03891543156924,8.03800298551315,8.03582547855954,8.04543903470973,8.0397680643808,8.04764373418395,8.04689139107563,8.04123980432352,8.03411992330017,8.05023752046808,8.03581111714631,8.04361747350685,8.0390936639467,8.05019885918592,8.04780506677926,8.04481770369182,8.04542277343782,8.04863839408868,8.0410625654593,8.03403782422041,8.04128751823714,8.03826649489098,8.03088687464964,8.03958168782387,8.04354169234685,8.04870940130361,8.0401102911256,8.04747458948584,8.04449725548179,8.03861766849879,8.04583045640081,8.04179912956112,8.0402965135036,8.03806435958129,8.04657325925201,8.05314645789679,8.04163032454407,8.04894733008876,8.03136334289992,8.04738380249134,8.0436349797026,8.0381490549774,8.04904134523506,8.04345623300788,8.03479653633487,8.04823322173743,8.04862891557518,8.04500877918153,8.05580064112321,8.04223530745935,8.05002534698781,8.04582242711059,8.05322179845928,8.05048949844517,8.03688054642294,8.03325792834455,8.03164358436909,8.04604632146656,8.043004438458,8.04626490354817,8.05987700919616,8.03956471647905,8.0407082968645,8.03588307123238,8.04470892068727,8.04918718491062,8.03509382167796,8.05076766886993,8.04059282647058,8.04209710777965,8.04429285474638,8.04638216153167,8.02497433940544,8.04054810570552,8.06184904766882,8.0351573025569,8.05056208277044,8.03616568226006,8.04217652316539,8.0370379379304,8.04373166232659,8.0452332444258,8.03685314156921,8.06235717473462,8.0428514756364,8.0415732654569,8.03717643537112,8.03949426453876,8.04338267198853,8.04053381764098,8.03958168782387,8.03638285614705,8.03865214500614,8.06639353812863,8.04391231017986,8.04075934959345,8.04140737023043,8.04429605048867,8.040300735761,8.0379111620958,8.04238842833321,8.02229561730104,8.03977382839474,8.0429176614248,8.03550647425638,8.0540791243532,8.04372469684938,8.04228645834552,8.04650979451518,8.03713115759659,8.0483167816376,8.05258062161053,8.03573740080174,8.05811134875103,8.04657787521604,8.03687094128539,8.04204689558866,8.04236164167389,8.05268261822876,8.04420189897043,8.045438442551,8.0438268356717,8.04353653912371,8.044879562065,8.0457411829324,8.0537374135562,8.04526254690343,8.03705248919975,8.03538373369936,8.03321027565352,8.03882517501817,8.0418399074083,8.03629224056896,8.04602020153328,8.04485322561349,8.045438442551,8.05186901825657,8.04311727790374,8.05501561011729,8.03265147671956,8.04474155839543,8.03107488554838,8.04638347324586,8.04068822645159,8.04362289901759,8.03660242012989,8.03601211809785,8.04419948313441,8.04104563393924,8.05253669774827,8.04345375154927,8.04561386856118,8.03384033757433,8.04008195973563,8.04950470589693,8.04021009683665,8.03816679322957,8.03696633764188,8.03444570948351,8.04911985539553,8.03331143493757,8.03966605132455,8.04919272002511,8.04543818487642,8.03463112020884,8.05054325904398,8.04002236159875,8.04629267898476,8.04470103076775,8.03043143425702,8.05505679032514,8.05201015917027,8.0335026962594,8.04734159540025,8.03802951066443,8.04448722895996,8.03780377653672,8.04011631728415,8.04890620270789,8.047687709088,8.04366550931441,8.04835807578125,8.04418434118336,8.04059282647058,8.0354775195809,8.04733989574493,8.04594993704624,8.04637554571399,8.04577055885898,8.05539616223093,8.04219356052822,8.03812016081439,8.04220167227324,8.04244513003101,8.03931497408904,8.04563330451751,8.03116810979592,8.05262236332244,8.03536756617276,8.04623610439765,8.04673553306075,8.03731149615283,8.03660644068575,8.03386061445963,8.03965243693409,8.03191829000356,8.04252332403369,8.04244513003101,8.0438434449233,8.05345777981078,8.05428876258878,8.04748420513131,8.04922406771979,8.0448763762671,8.04176001227631,8.05017458155592,8.04568384301672,8.03933569500609,8.03239563689274,8.04591764058078,8.05900248594202,8.04618991803086,8.03537027404755,8.04935751856415,8.04158210159726,8.04194398093719,8.04053381764098,8.03792410488205,8.03701096810317,8.04074971765506,8.03909406499845,8.04000033825032,8.03836326874007,8.04822372459227,8.04850534582451,8.05049459020375,8.05087769847997,8.04660335345987,8.04469286956198,8.04468574363443,8.05108405699083,8.03961280906553,8.03551462671185,8.03562518750039,8.04024007534291,8.04180773805522,8.04361688593722,8.04616634747089,8.05503184737249,8.04344778940344,8.04220167227324,8.04704611831793,8.04305127615489,8.04625708642146,8.03551462671185,8.03725660521519,8.04560594415661,8.04817735512251,8.04093487586248,8.0476852705805,8.0398113958372,8.03819105826294,8.04221933984882,8.0507982366806,8.03592262388264,8.03351308347065,8.03956859587162,8.04125690777247,8.03661569137767,8.04544655206838,8.04372540179184,8.04319627750049,8.03369292368416,8.03981913081038,8.05458570496548,8.04627190023277,8.05052451955259,8.0461665300092,8.03248351696372,8.03842179060943,8.05483191113104,8.03746637950175,8.03671033396054,8.0552600328002,8.03962396242941,8.04524900754968,8.04096718792189,8.03768926605125,8.04714252569922,8.0473831214234,8.03390526591319,8.03897025861462,8.03843858176247,8.04463918750307,8.03816679322957,8.04001841004783,8.04176714792121,8.03665284041117,8.04413116534897,8.03857556943579,8.03790836182685,8.02815448624869,8.02540000820112,8.04083512379121,8.04316119146598,8.05036339976601,8.04469011686785,8.03918448186001,8.04338299925014,8.04232228709613,8.04044798615516,8.04049073801337,8.04218519579896,8.05057048309161,8.04684621312239,8.04523610631646,8.04681013481353,8.04163541504523,8.03815838979495,8.0488589572138,8.03648046965499,8.04324925272262,8.04546857494509,8.04641730323631,8.0385829546654,8.0377152980812,8.04221095024155,8.04935794080324,8.03511021873267,8.03696791505992,8.04841214884619,8.03122858906529,8.02497433940544,8.04731250152585,8.04462493667799,8.0312906340067,8.05048554205376,8.03771815268473,8.0443166327167,8.03866931804728,8.03512917207702,8.04764098452974,8.05701660271629,8.03869064337109,8.0365947208665,8.05119136254966,8.04133683063532,8.0362199908815,8.05182647327798,8.04868276063991,8.0348904779738,8.05051104556798,8.03661590935939,8.03583953656572,8.0494494372407,8.0393020898292,8.04167405590912,8.05393403936055,8.0368824882606,8.039035384253,8.0435589982449,8.0415732654569,8.04774022742312,8.04694872900057,8.03359825666004,8.05552687134159,8.04692772662695,8.04570252881311,8.04568893329939,8.05050254578998,8.03515233015383,8.05028205123049,8.03182797202223,8.03635567526911,8.04271284824284,8.05400454895476,8.041265830865
8.03223321271757,8.03581680989063,8.03889486822797,8.05664886445494,8.03726354120984,8.03626386565038,8.03145003315651,8.04342990361078,8.04904481369319,8.03154841584501,8.04440791674239,8.04058122297817,8.03200482642941,8.03666846952612,8.03946501171271,8.04227964411415,8.03501020279108,8.05099883280101,8.04935309588759,8.04488296380203,8.04275622463489,8.03375523401675,8.03509369655453,8.04115879202069,8.05087666125733,8.0465252022734,8.05396182237084,8.03557041248928,8.03908689972335,8.04303292134128,8.0343353220737,8.03682143405763,8.04285136620331,8.03713094344275,8.03219673311125,8.04497702238626,8.05144076512337,8.03822484908767,8.03462813239536,8.05413978572005,8.04492151592514,8.03585400835828,8.05684232611806,8.04206729556052,8.04073949919553,8.06353316541068,8.04389472257478,8.04062225406241,8.04367006298773,8.03316398768931,8.04568529865288,8.04080765867564,8.03892380644742,8.04380207878606,8.05119553226698,8.04104002106813,8.03783883063697,8.05342184751197,8.0313077770551,8.04568195143284,8.03795638690882,8.03281055715247,8.03629738898385,8.04340864420323,8.04309463965314,8.04685892255844,8.0393162779295,8.03640600990716,8.04852357452615,8.04444351049835,8.04772308903595,8.03504489864969,8.05133398445176,8.04854952624009,8.03698558583094,8.04514249871181,8.03864419566374,8.04304267734971,8.0428426825819,8.0402965135036,8.03081943326425,8.03353061236004,8.04019377365915,8.04175055563089,8.05315132994371,8.04282745960198,8.04086552635312,8.04981433919463,8.05115159210902,8.05287463446123,8.04798881780342,8.05142138864068,8.04875154699075,8.0460680117425,8.03978122543989,8.0417306134274,8.05590411016622,8.04850534582451,8.05347770452494,8.04174317646959,8.03419421428613,8.03983950619815,8.04672040971973,8.05560281316576,8.04777570114615,8.03214693126206,8.04546637586294,8.05235101995742,8.03697528679056,8.04586270290103,8.04461930390784,8.05011709549048,8.02887737621813,8.03424391564885,8.03504979597451,8.03298053916899,8.0377576843547,8.03731239713114,8.03208289075664,8.03475329326725,8.05048949844517,8.0507396404453,8.04395439905112,8.03561890537091,8.04379548078492,8.04514249871181,8.04678046837944,8.03988432833636,8.0466388346337,8.04280364231819,8.04583392232631,8.02909353841463,8.04060765361711,8.04298366416092,8.04410956286022,8.04037840067541,8.04460577224376,8.03936018179416,8.03994385581635,8.04077302685737,8.04729213532374,8.04526837820586,8.05245250419268,8.02690947113068,8.04222896426927,8.0496462416862,8.04389374027242,8.04457035413689,8.04276425385314,8.0477253036943,8.04107854058001,8.03177806379903,8.04957086034072,8.03767123020526,8.0524720627801,8.05123848536799,8.04004690762189,8.05507339399779,8.05425703180789,8.04169471717191,8.04268493815549,8.04538890784741,8.04487538547079,8.0361708102419,8.04602020153328,8.03759672429052,8.04374837706428,8.05588690345886,8.04165542761191,8.04584379994114,8.03279407991059,8.05039409774938,8.03741366632862,8.04728217944279,8.04851627080095,8.04042783701152,8.04121625932891,8.0395358596668,8.05673969938505,8.03586205925553,8.03836392319234,8.0380758070547,8.03668547642057,8.04531034103759,8.05260600774247,8.05230299731527,8.03315075353532,8.03386061445963,8.04927241170124,8.03107488554838,8.04198428441486,8.04588752798623,8.0558140439633,8.03885849703228,8.0362724507634,8.03876706011187,8.04810271459175,8.0384701752901,8.04845709251124,8.05179894193422,8.03879823039149,8.05165951999247,8.04581884816091,8.05344661449393,8.03901687717436,8.03485441144141,8.04492178613668,8.0395358596668,8.05740222312718,8.04142335619995,8.03697708024561,8.03767392555874,8.04419882864575,8.04558724574708,8.03845917088642,8.0489296278775,8.04441798849427,8.04322011148138,8.05155718683537,8.04178309808262,8.05684232611806,8.03390466534718,8.04095119846849,8.04416102666872,8.05315132994371,8.04590135244221,8.03943003807935,8.03551462671185,8.04730425569543,8.05741762768442,8.0445330438938,8.03812016081439,8.03217148345961,8.04719113349877,8.04062064165784,8.03837435719382,8.0501418473678,8.05755473823881,8.04020766133496,8.04867881361714,8.03701035925384,8.04557604625556,8.04581465276561,8.0380273435664,8.02367223341117,8.04262317660166,8.04600387026339,8.03641116417709,8.04120684507648,8.0523367755195,8.05617403342899,8.0365974433424,8.05562278289122,8.05382090352386,8.0459050483302,8.03772472931027,8.04189337566,8.03388882951031,8.03514117068944,8.04858211844605,8.04557269292705,8.03169896619794,8.05445019838386,8.03035522593941,8.04421790540751,8.05734643276842,8.0410988168363,8.03329892560866,8.04718443022334,8.0490178768791,8.04730425569543,8.03864411266606,8.04623549173316,8.04278271252441,8.04178309808262,8.03316398768931,8.05142302104623,8.03894191597757,8.03802951066443,8.05179451093977,8.0393020898292,8.04680618175508,8.0474638709935,8.05095460428528,8.0537611731668,8.04828362298274,8.04414356517548,8.03835425747734,8.04009874202388,8.0398048289135,8.04216002701743,8.04603442927411,8.0277908694512,8.04783064037548,8.05005823550155,8.04251068641012,8.05516478085926,8.04653450372839,8.0479747501793,8.0393974669069,8.03686648059557,8.04146031450836,8.03935522924852,8.03675357481843,8.03968811954861,8.04957086034072,8.06012069818232,8.04359996358642,8.04116199231756,8.05071815814934,8.03203296276397,8.03736949842587,8.02367223341117,8.04130244627873,8.03868191064137,8.0387080464726,8.04088811976485,8.04224345699948,8.03213165198882,8.0335530148334,8.03946443177919,8.04653450372839,8.02893739668885,8.05834320110428,8.03779680730988,8.04223454434815,8.03544214821908,8.03411992330017,8.03957843985371,8.04014348917388,8.03668773499113,8.0355940714156,8.04000364861061,8.03596718334059,8.04915097779718,8.03807109751623,8.03614794706203,8.04476744129455,8.04551153034017,8.04909261209741,8.03919851741305,8.04086573669799,8.05187099353912,8.03968590957969,8.04362584863639,8.04503164758267,8.04400674179614,8.02864201471915,8.04856000515421,8.03885988902914,8.04227964411415,8.041640660062,8.04727343137553,8.04401182798894,8.03671939499812,8.04344054197677,8.04197664311696,8.03941434509635,8.02614740409862,8.05420973102372,8.0491723270654,8.04575213963002,8.03459364576151,8.0463345537485,8.0452380298703,8.04570007438211,8.04562124098832,8.04533568160272,8.0438188829775,8.0491723270654,8.03866931470658,8.03757208330082,8.04963998753749,8.04643659627844,8.04018989942003,8.03538623998409,8.04201448958074,8.03555342286238,8.03705134732049,8.0338667008267,8.04204689558866,8.04857578773081,8.04357654005688,8.0425285103893,8.04722404315465,8.04746837359235,8.03435886752838,8.04160059575182,8.03589601342411,8.04539120362641,8.03666627351056,8.04740616122172,8.03696728740163,8.04106327122214,8.03882517501817,8.03797146548632,8.04732961306606,8.04882224096067,8.03473151441599,8.04107219915206,8.03989866599118,8.04754193161034,8.05128204993786,8.0343189847387,8.04282745960198,8.04240103609822,8.04120137969299,8.05178037156181,8.04615803832123,8.03697708024561,8.04937095252136,8.05572406480123,8.0312906340067,8.04230411607119,8.03775349018792,8.05048949844517,8.03848674615743,8.04894572660887,8.04135213937045,8.04332526903498
8.034295080615,8.0424247952754,8.04731250152585,8.03655304518644,8.0365223192606,8.04936427358099,8.0420836763613,8.0351028775136,8.04204689558866,8.05583467326723,8.03553063579687,8.04937426287897,8.03408019048329,8.04374115081699,8.03502094011301,8.04206245776857,8.04181862155055,8.04663425902906,8.03846841400647,8.04295273341524,8.04573224824083,8.03638408974959,8.04420189897043,8.03783613107946,8.04979692353603,8.03637917620715,8.03224535564831,8.03717643537112,8.05661243837662,8.0385740525535,8.04578250220162,8.05278873775847,8.05081466325749,8.03474325321921,8.05232175298453,8.03263509736876,8.03755630285712,8.04309391526748,8.03439490955987,8.04351577925923,8.05306440920371,8.03796432232892,8.04650979451518,8.04841085951606,8.03677309200017,8.0433022254147,8.04535568870856,8.04140627318634,8.04835074983771,8.04453699973105,8.04963998753749,8.041640660062,8.04488857084942,8.03998767538926,8.05209630844048,8.04785423050421,8.0403642429621,8.03755440628329,8.04087118925316,8.05006199351856,8.03582547855954,8.04240214588526,8.04650867219183,8.04389374027242,8.04564463875029,8.04672212155546,8.0475466627959,8.03882845594028,8.05467426019734,8.04732961306606,8.03676483870791,8.04146669072134,8.04029518052223,8.03850383939359,8.0519122077554,8.05079383836328,8.05183826841563,8.04615702590842,8.04593191194519,8.04123980432352,8.04211151880924,8.044076353117,8.04505427066519,8.05419609385125,8.05790787689339,8.05577228670681,8.04720237174247,8.04701350312205,8.05841376536413,8.05061567825584,8.05164507097183,8.03634699610884,8.03453449455252,8.06591566305643,8.03746637950175,8.04068513897806,8.04770996744917,8.04036941622214,8.04604411746677,8.04878126493281,8.05243517572593,8.04418434118336,8.04771153723926,8.05243517572593,8.04175101534465,8.05193473222038,8.05011986637653,8.03473657302456,8.04311696780981,8.04588752798623,8.03489588943334,8.03700017258237,8.04308988555786,8.04695090500522,8.03487551077158,8.04393940461017,8.04903896615876,8.03601211809785,8.05445858626598,8.04624990224417,8.04313134042547,8.05524644175786,8.04353107840358,8.04886607181996,8.06462653715596,8.03914687965046,8.04426229647585,8.04760277466719,8.04163032454407,8.04026121499846,8.04480097102146,8.0466595099632,8.03768356232745,8.04920557604195,8.03836864272793,8.04474387916689,8.04781625328783,8.0411348972824,8.03853537973083,8.04960771695242,8.03825701595596,8.04345421562518,8.03687896188523,8.05550947464817,8.04471434104255,8.03427107407063,8.04044184605856,8.03747638345133,8.04398340956834,8.0318599238948,8.05322799271865,8.04360202580641,8.04248066444221,8.04509426270721,8.04162666244592,8.0312806130719,8.04374115081699,8.03479935266882,8.03963211256322,8.04593364476664,8.03699639252747,8.03802179535335,8.04530569564709,8.03204310416617,8.04268028564445,8.04104973693716,8.04479277648771,8.04350448186874,8.03849565720141,8.04048236025703,8.03947324133085,8.04576017438791,8.04066885823885,8.04128751823714,8.05729950902612,8.05396050653155,8.03972746542448,8.05501561011729,8.04208115648917,8.03383732389439,8.04245440648377,8.03706057787176,8.04472914747639,8.04093333461503,8.04719144962154,8.03763217565151,8.04038411891421,8.03891829196791,8.04643722733525,8.05457341530981,8.03795721006913,8.04156065874415,8.04331115771313,8.03908885877332,8.05229896523981,8.04224859678428,8.05087769847997,8.04385691046542,8.04448521499621,8.03765000531874,8.03799814869636,8.03463112020884,8.04391204804232,8.04433932038971,8.03966449570361,8.0389316012138,8.03586894628291,8.04600535012918,8.0403497698139,8.04405128537994,8.03908977906516,8.05449258587295,8.03115954591706,8.04256030724663,8.04692808007922,8.04053219168625,8.04781013949049,8.03488660371431,8.04236766140539,8.03918485165358,8.0464725922259,8.03542475359344,8.06041948615478,8.03935522924852,8.03876719354947,8.03537986282967,8.05795576369766,8.0415278871074,8.04557604625556,8.04703096712284,8.04430321449982,8.0309746277027,8.05843330403571,8.04512529603464,8.03555637211356,8.03654715143497,8.03415127660422,8.03637433008947,8.03316398768931,8.0459495631539,8.04429453214393,8.03812572395475,8.02722803246603,8.04099722988738,8.04842539948932,8.04904186697986,8.04680086380469,8.04698150230035,8.04295040419094,8.04455819716018,8.05070302855658,8.03449959912716,8.04586528381384,8.03695904681322,8.03448202608912,8.03521011221717,8.0453295851417,8.03514117068944,8.03839792237623,8.04106169117175,8.03463805305625,8.05083720155802,8.03510404520264,8.03810292669022,8.04140737023043,8.04516292907763,8.04626177256376,8.0488589572138,8.03686313375153,8.04556212031186,8.05686595665186,8.05048554205376,8.04670097580228,8.03971276779822,8.04463147411416,8.02952375931349,8.03522914022182,8.03423831201221,8.04524900754968,8.04392504479984,8.04192639213591,8.04456885724277,8.05244778191811,8.03855976937868,8.04385198924571,8.03885015563561,8.04410956286022,8.04295273341524,8.03747247719632,8.04411581570336,8.04350340919791,8.04275655046899,8.04536711479327,8.03792223779698,8.04878024751375,8.03686648059557,8.05454583218483,8.05194264424499,8.0390023572147,8.05041012699805,8.04566528846898,8.03875197696968,8.04071334618396,8.04641166048444,8.03622657206139,8.04322011148138,8.05964626615649,8.03452724505014,8.03985184709581,8.05252984777137,8.04137827570124,8.04362340199969,8.06338669528199,8.0494494372407,8.04300221844272,8.04411434008673,8.03683520060259,8.03615141997779,8.04153308092073,8.04770131101324,8.03829768478852,8.04871849648836,8.04199779590166,8.03430080299172,8.04304342204501,8.04451418854831,8.04590199387976,8.04353004716355,8.03831970969068,8.04502717319485,8.03885478674872,8.02998592883119,8.04504657658553,8.04079150009202,8.03864419566374,8.0380273435664,8.03983435168984,8.04804041770887,8.04586112892362,8.05174504952229,8.04833715550942,8.03844153567748,8.0480392921527,8.04715565599669,8.03319470338624,8.04790705627833,8.0427487908447,8.04461251206823,8.0338393046944,8.04109066444579,8.05688356679542,8.05280296262685,8.04920533647208,8.03927252552961,8.04230000061751,8.0434965361116,8.04310958685216,8.03629192974866,8.03546495788163,8.04343509698939,8.03329676656244,8.04183235917154,8.03801659356252,8.035925820426,8.0483398887359,8.04416230171657,8.03475399968745,8.04806964763967,8.04098984144902,8.04534026143857,8.03465811145038,8.04874010226277,8.04237443492252,8.04440189740008,8.03372801515044,8.03259166280726,8.04282745960198,8.06278152479553,8.04264577750366,8.03537495600657,8.0459770833705,8.03933569500609,8.04561841561507,8.04638114077314,8.03871418158296,8.04198385375469,8.0377316374596,8.03521913116653,8.04550067286447,8.04516636604284,8.04657697572756,8.045438442551,8.04320511887712,8.02778764851601,8.04189315037162,8.0515185967753,8.03079396483819,8.04209366173694,8.04397733333797,8.0411438244777,8.0288284131296,8.04577081031273,8.04815437029126,8.03947409656733,8.04951999857709,8.03868653174734,8.04276440014971,8.05177538740276,8.06338669528199,8.04446767903772,8.03873466882061,8.03611038261494,8.04055010972868,8.05597116317596,8.03622657206139,8.0475850706646,8.03075545251625,8.03303314460487,8.0415282161849,8.04471375584261
8.03749730157674,8.04459859909495,8.0459050483302,8.0477039029503,8.04271836144461,8.0368630009304,8.03998511328161,8.04661356682966,8.03074772986089,8.04198578752895,8.04308988555786,8.03547197655455,8.05076563874107,8.04395377145171,8.04118277433819,8.03670131729023,8.03589156396009,8.04368834248302,8.0517858506373,8.03832650543867,8.0323233756631,8.03444570948351,8.04486495867132,8.03779154655378,8.04052925906478,8.04152035688846,8.03618526978115,8.05554455598251,8.04118277433819,8.04421477804462,8.03955426018123,8.03634699610884,8.04170954583768,8.04912485159875,8.05188323508988,8.04267325378675,8.0462377118184,8.05218718028082,8.05499340102815,8.04716991323521,8.04040460447892,8.04409110736514,8.04849674830683,8.03755440628329,8.04809730174557,8.02664275105828,8.05417894196256,8.0440937153688,8.05003281417249,8.0552294478626,8.04085853976032,8.03822484908767,8.03392733144129,8.04103010262457,8.03491834092231,8.04773020271992,8.04442376918689,8.04459595289773,8.05755530237702,8.0587876423604,8.03932142690077,8.04609614953585,8.04307187853701,8.04766847982747,8.03491267145705,8.0287142528064,8.04056904317581,8.05613459268215,8.04245690648127,8.04522205767682,8.04313190611681,8.03600954773938,8.0329121038606,8.04448722895996,8.04124081627088,8.0424697336479,8.04087589983395,8.05144818821112,8.05432157318718,8.03211932598641,8.05879650758501,8.04677654298849,8.03081591155874,8.03583953656572,8.05162707556869,8.0396110174006,8.03141198561748,8.04643639600455,8.05073429454584,8.0433554331576,8.05144076512337,8.03917731815447,8.03772647760445,8.03847043810764,8.04159330345017,8.05608183489129,8.03741854524676,8.0462377118184,8.05353876786638,8.0437684697422,8.0388181609413,8.04094441140222,8.02833578476769,8.03231291577706,8.03902198185742,8.05728084527493,8.04258638051529,8.0357905848987,8.03542110758132,8.04499741382871,8.04780796083618,8.04922406771979,8.03832361031122,8.04550380691087,8.03902889921682,8.03354956782654,8.0450584153557,8.03199777235756,8.04904704916599,8.03574143482941,8.03855225480411,8.0370379379304,8.03936552474852,8.04191428178713,8.03972985732335,8.0356638518106,8.02905097979457,8.04237443492252,8.04040406138306,8.03264891528084,8.03546495788163,8.04949835035085,8.04076011362669,8.04011631728415,8.04749068914115,8.04392190429135,8.03079468775076,8.04481935960338,8.05520114807756,8.03988609959794,8.03402076006365,8.05720837244426,8.05075737278383,8.0402336664435,8.03348445803787,8.04484092926735,8.04564463875029,8.04132101797274,8.04776230587519,8.03264891528084,8.03549029274979,8.0512706168473,8.0594577689299,8.04528289054877,8.04915022299019,8.04888385611208,8.0471101298037,8.0429075129347,8.04301581176989,8.04378319100841,8.0351443504076,8.04785702289979,8.04638785948697,8.04049481772685,8.04987117609242,8.04427344214675,8.04048104799181,8.04086552635312,8.03793103050792,8.03648046965499,8.0500941644892,8.03698146335311,8.04872711945759,8.04443195257015,8.04371126192915,8.04615611992135,8.03566246302496,8.03956859587162,8.0422921899459,8.03958136799067,8.0449726139819,8.04250444234404,8.03754404522442,8.04935309588759,8.03088687464964,8.04266196933977,8.03952738212641,8.04167101384942,8.04506656500184,8.04472973857305,8.04052949171631,8.04424040321853,8.04039356141859,8.0394702946127,8.04253654131931,8.04966141463041,8.05042213122299,8.04358868358707,8.04023396489824,8.04593182710342,8.05201819658625,8.03697528679056,8.04088266474951,8.04751078435807,8.0453295851417,8.03346864614455,8.04697278886327,8.03254689124542,8.04279835992135,8.04034814056078,8.03584367468663,8.03734367284477,8.04167869888758,8.04804041770887,8.05049229700912,8.0554190031695,8.04625161962467,8.04337669633166,8.06418085162761,8.03459112637908,8.04505172193954,8.04746651698914,8.04437570868017,8.05863682249311,8.05639277441794,8.04244165948777,8.04764142713683,8.03574676665952,8.04046107036354,8.04819436145938,8.03366693700987,8.04023995075385,8.03703360385073,8.03685413106497,8.04648485935273,8.04492151592514,8.04741882944887,8.03860802551735,8.04073388388156,8.0304951178296,8.04439273809578,8.04608787934666,8.03873466882061,8.04751077609767,8.05266549151654,8.0450225466501,8.04020766133496,8.0429985763166,8.03372041230507,8.04780796083618,8.05756874984902,8.04456987427056,8.03792735571029,8.0461431664803,8.05226999617027,8.05194264424499,8.03604939856181,8.04806964763967,8.02370306546518,8.04746358340479,8.05186496288596,8.05527495794112,8.03730358045389,8.04950923447054,8.04111082386886,8.05257685729681,8.04572706726466,8.03655429156374,8.0419148943104,8.04797465043312,8.04039356141859,8.04514203892353,8.0335760425794,8.05081574235005,8.04067136037529,8.03722666759462,8.04912324918571,8.0404931024839,8.0477832065733,8.0384985272626,8.04476899918756,8.04602527231885,8.03798662853912,8.03759484645669,8.04008056770621,8.04873655537521,8.05820880647563,8.04638347324586,8.03542475359344,8.041359229016,8.03910360487907,8.03416951046745,8.05129928242922,8.04356891256535,8.04119297580061,8.05855918829085,8.03678936014092,8.04525687293867,8.0404472950637,8.03759486304726,8.03346864614455,8.04806290805057,8.03544240509607,8.04358807434038,8.05085522069889,8.03069650098536,8.05135982754137,8.03552765864045,8.04224345699948,8.04667395492689,8.04532930508832,8.03970094441246,8.04394767235321,8.0413580726497,8.04289726894861,8.04148037155738,8.04543339632793,8.06194290224413,8.03668597622829,8.03494949745937,8.04977477962877,8.04492831587287,8.03946501171271,8.04269664603498,8.04110221964062,8.03845917088642,8.0465345431459,8.05060111768324,8.04455905661801,8.03690389408462,8.05353853021029,8.0359742468243,8.03836854962798,8.04859316315637,8.05792798781543,8.05007813104625,8.03310475530741,8.03206732098331,8.04071563483799,8.05709597021118,8.04317882143014,8.04390277671688,8.04531034103759,8.04208700809147,8.0513588662786,8.05119240457458,8.03621921853697,8.05280379289642,8.02942081392005,8.04643201102465,8.04034573101233,8.03050388159686,8.04672303973793,8.03834630440689,8.04732961306606,8.0384309236444,8.04287150999926,8.03522396700598,8.03213651408495,8.04791176166882,8.0485357607054,8.05042473427358,8.04493409037772,8.03905538437053,8.04802035677925,8.03642363000673,8.03889486822797,8.04345323149657,8.04518037065962,8.05243394084697,8.04992959918087,8.04124081627088,8.0401984248065,8.04258131229924,8.04661073994809,8.05095895082969,8.05456693655896,8.05627526428057,8.04435494536903,8.03948808237403,8.04274627624594,8.04321553993117,8.03658372520548,8.05823973008724,8.05290921045195,8.04394454748085,8.04606560936734,8.03838057538137,8.04308831741901,8.03853537973083,8.04144347484912,8.04411544605136,8.04436286524502,8.03630931704016,8.06156619408143,8.04665846437832,8.05407967011702,8.03839004730873,8.03953275414886,8.04812306118294,8.03270363756709,8.04069394858683,8.04378163143932,8.03182797202223,8.04149126213687,8.04224784386236,8.03768852764145,8.0457269216829,8.05312829576379,8.04911985539553,8.03982496142779,8.03069163009605,8.03807917728623,8.0460679331804,8.04796592080545,8.03783193403888,8.04768167984365,8.03902198185742,8.03698146335311,8.03432903456582
