"V1","V2","V3","V4","V5","V6"
2.30659293260509,0.968549044021345,0.647069917345039,-1.24455402144443,-0.00146100550195023,0.457080223664526
2.30659293260509,1.01152648269543,0.57806511654907,-1.57554360723458,-0.00116494475884062,0.457080223664526
2.30659293260509,0.992800874979058,0.586936435019793,-2.52289474496931,-0.000713701546379583,0.457080223664526
2.30659293260509,1.06014143621942,0.573329919150024,-0.226612742777983,-0.00136717582634131,0.457080223664526
2.30659293260509,1.2135483970393,0.576526384652291,-3.58151753710662,-0.00117339645629871,0.457080223664526
2.30659293260509,0.693352831496296,0.720834761998034,-1.31590536313511,-0.000842902835522607,0.457080223664526
2.30659293260509,0.989042828806873,0.63912792246719,-1.21088569925083,-0.001588772572921,0.457080223664526
2.30659293260509,0.859459801381652,0.652549160798257,1.48831152800897,-0.00135087154617691,0.457080223664526
2.30659293260509,0.899034916850925,0.640407083330853,-0.985705539243702,-0.00120021422460288,0.457080223664526
2.30659293260509,1.00298393904276,0.63728540749867,-1.26647655073887,-0.00113526791609626,0.457080223664526
2.30659293260509,1.30339208597946,0.490377127560037,-3.35848563936925,-0.00112122791499716,0.457080223664526
2.30659293260509,1.28328803785228,0.576582779841272,-2.38539523777132,-0.00189274604532919,0.457080223664526
2.30659293260509,0.781653476659307,0.700789575111736,-0.539589560272421,-0.000925627570430152,0.457080223664526
2.30659293260509,0.911188747186821,0.684603347391336,-0.79915645597332,-0.00148275661477224,0.457080223664526
2.30659293260509,0.827498030229784,0.657933335199675,-3.01612156646497,-0.000340690384605001,0.457080223664526
2.30659293260509,0.908592171594843,0.619937601435466,-2.03461070358579,-0.0005702986371323,0.457080223664526
2.30659293260509,1.07454754938838,0.587002587615202,-2.21031354690566,-0.00124959081084533,0.457080223664526
2.30659293260509,1.16757749508611,0.634867318932594,-2.66568624232886,-0.0017676790697484,0.457080223664526
2.30659293260509,1.14742914052169,0.503745025937587,0.37359187995568,-0.00140258152814216,0.457080223664526
2.30659293260509,0.852359537830063,0.625266045967424,0.137615619455978,-0.000747528599853642,0.457080223664526
2.30659293260509,1.11426545276606,0.603597598649224,-3.54882280368972,-0.00112752431482362,0.457080223664526
2.30659293260509,1.10292803758022,0.630006182486094,-2.72279442199652,-0.00130466445984633,0.457080223664526
2.30659293260509,1.17059363211839,0.574510417198279,-2.40775922340758,-0.00148391449590194,0.457080223664526
2.30659293260509,0.939674171527447,0.605847007798193,-4.18813083306363,-0.000347952020635613,0.457080223664526
2.30659293260509,1.13530127267841,0.602984313148503,-2.04891683802723,-0.00142033124062976,0.457080223664526
2.30659293260509,1.30595512601192,0.551131931577651,-2.66949341847602,-0.00198081284620724,0.457080223664526
2.30659293260509,0.811926798765378,0.730421187465657,-0.701217893055862,-0.00134117007057634,0.457080223664526
2.30659293260509,1.23037078974646,0.509887481119098,-3.02092867285087,-0.00090023988157212,0.457080223664526
2.30659293260509,0.858043778263558,0.689461685444686,-1.31834574650962,-0.000901458232838318,0.457080223664526
2.30659293260509,1.00514397641954,0.615898527847898,-1.76632409705914,-0.00105133457361924,0.457080223664526
2.30659293260509,1.1210419190688,0.556308305835566,-3.39531688341773,-0.000910819201593029,0.457080223664526
2.30659293260509,0.944448959900325,0.634506382561346,-1.23604398850993,-0.0013087504530286,0.457080223664526
2.30659293260509,0.979902237421377,0.580020441180421,-1.05021266999742,-0.000948629903797539,0.457080223664526
2.30659293260509,0.879347298619446,0.645977586647028,-0.813846380651341,-0.00100990429078948,0.457080223664526
2.30659293260509,1.00450113929757,0.61203511426657,-3.32389300835495,-0.000791033803349809,0.457080223664526
2.30659293260509,0.964642383362832,0.610222055004589,-3.45944470083292,-0.000598372305611969,0.457080223664526
2.30659293260509,0.878615923310431,0.685243488506563,0.00429884017170012,-0.00143774440004638,0.457080223664526
2.30659293260509,1.09156193557938,0.640218475749012,-2.38740444248788,-0.00175035234243445,0.457080223664526
2.30659293260509,1.13241452392306,0.561803093002977,-2.53270379451259,-0.000761843670546405,0.457080223664526
2.30659293260509,1.00158827620365,0.626966612450303,-2.05654730480578,-0.00104564145436655,0.457080223664526
2.30659293260509,0.906367948738701,0.634972602289245,-1.64685186043298,-0.000953754158784204,0.457080223664526
2.30659293260509,0.835881234169401,0.709461484631058,-2.6856971619486,-0.000768443653343696,0.457080223664526
2.30659293260509,0.988513232527818,0.619686392714566,0.325330457089928,-0.00166052108566401,0.457080223664526
2.30659293260509,1.07205316961416,0.644511256380018,-2.6676829456998,-0.00133303902098186,0.457080223664526
2.30659293260509,0.861768822746905,0.620728552916615,-0.448553736254141,-0.000813018348572592,0.457080223664526
2.30659293260509,1.07319153709739,0.617424830842418,0.0700037183942114,-0.00176870092553303,0.457080223664526
2.30659293260509,1.14864714214131,0.574721732981388,-2.69347486387327,-0.00144729254811191,0.457080223664526
2.30659293260509,1.29017377916536,0.567804138095629,-2.35117519491928,-0.00186815959462585,0.457080223664526
2.30659293260509,0.812026636989544,0.645736545028947,-0.453925437345904,-0.000756275702733505,0.457080223664526
2.30659293260509,0.949229099544536,0.682902096193454,-4.07657130045097,-0.000891170292297163,0.457080223664526
2.30659293260509,1.08353776567419,0.655506964939869,-1.44184211736833,-0.0016032882493174,0.457080223664526
2.30659293260509,0.9895412036801,0.634875093592034,-2.39912180395492,-0.00136976361601892,0.457080223664526
2.30659293260509,0.865240842244303,0.68733388732715,-1.22953164312876,-0.00135358680483004,0.457080223664526
2.30659293260509,0.913476789027067,0.629715569413296,-1.24737201675523,-0.00114206509971883,0.457080223664526
2.30659293260509,0.731319034141311,0.657439069913869,0.210871385108804,-0.000264413183802792,0.457080223664526
2.30659293260509,0.890810079289619,0.622059693322473,-0.290623419609109,-0.000739121320335773,0.457080223664526
2.30659293260509,1.13666076869758,0.607141386191067,-1.383622826071,-0.00165839509171442,0.457080223664526
2.30659293260509,1.15919101771489,0.535965955885586,-1.83719236135699,-0.00126059733621778,0.457080223664526
2.30659293260509,0.938854500588348,0.655364405634431,-0.344551754527271,-0.0012751481663455,0.457080223664526
2.30659293260509,1.03634246386339,0.583405896395141,-2.88319420399903,-0.000851069177162988,0.457080223664526
2.30659293260509,0.860875979759591,0.696492561538353,-0.55103596775389,-0.00127936663494676,0.457080223664526
2.30659293260509,0.862966790148537,0.655328653005233,-0.497685140564944,-0.00103192922937542,0.457080223664526
2.30659293260509,1.09440455260004,0.601645712716691,-0.707121040225788,-0.00139505486930701,0.457080223664526
2.30659293260509,1.17587299447779,0.55402522742412,-3.12287761695883,-0.000865117545530974,0.457080223664526
2.30659293260509,0.672646870432267,0.696786351492634,-0.5369953646103,-0.000398761487707668,0.457080223664526
2.30659293260509,1.06176895571526,0.650248471760912,-2.19670664497898,-0.00166247378593003,0.457080223664526
2.30659293260509,1.06174094944427,0.611680342420724,-1.41564352745833,-0.00138303901930816,0.457080223664526
2.30659293260509,1.00832845879824,0.623273884082162,-0.82813955232772,-0.00102122887385817,0.457080223664526
2.30659293260509,0.938945467915061,0.611832169559374,-1.6460281656671,-0.00097492562607723,0.457080223664526
2.30659293260509,1.00205778828077,0.609726109174698,-1.76370906032289,-0.00108125223844227,0.457080223664526
2.30659293260509,1.00678447031714,0.589039010864024,-1.41913466936313,-0.000937244017596316,0.457080223664526
2.30659293260509,1.3798941788294,0.518323706444977,-2.6408866285845,-0.00181713293262738,0.457080223664526
2.30659293260509,1.00372394487429,0.670568607376343,-1.94169108527862,-0.00182028463397784,0.457080223664526
2.30659293260509,1.07998508496157,0.603020900810891,-0.656794278318025,-0.00157735271078643,0.457080223664526
2.30659293260509,0.908207776996801,0.681200987753054,-1.61633548688395,-0.00121000432666212,0.457080223664526
2.30659293260509,1.16125407205172,0.632761737097176,-3.23379537582378,-0.00172795952962838,0.457080223664526
2.30659293260509,1.04652833744739,0.636640882004509,-4.04530654331594,-0.000814499571090838,0.457080223664526
2.30659293260509,1.15809035919995,0.65325695668914,-2.61745100561006,-0.0019266905392275,0.457080223664526
2.30659293260509,1.06962492398437,0.623742543144389,-2.89314991879226,-0.00137931655811392,0.457080223664526
2.30659293260509,0.928096608362765,0.610964010472833,-0.802908610882321,-0.00100073817356862,0.457080223664526
2.30659293260509,0.800241146701819,0.636254630251106,0.358136060982808,-0.00103350425826921,0.457080223664526
2.30659293260509,0.983362813732176,0.651335702689116,-1.64236686293234,-0.00152722293109689,0.457080223664526
2.30659293260509,0.787324454391942,0.691218712906906,-0.38078857963331,-0.000878126439753191,0.457080223664526
2.30659293260509,1.07817839824303,0.481794340219753,0.323288773897449,-0.00124530115097504,0.457080223664526
2.30659293260509,0.560274191501891,0.77560724591439,0.543209115339273,-0.00104455756381082,0.457080223664526
2.30659293260509,1.09873676731955,0.5886233746149,-0.875952057031628,-0.00140655688860561,0.457080223664526
2.30659293260509,0.865781354749397,0.679227440508893,-1.62581499806049,-0.00098897239926657,0.457080223664526
2.30659293260509,0.717588670118159,0.759839778208344,-1.9588289988004,-0.0011675432977613,0.457080223664526
2.30659293260509,0.989076445297753,0.599407302897833,-1.47825037977461,-0.000970178855906364,0.457080223664526
2.30659293260509,1.15617554406044,0.552726983934656,-3.07103520500187,-0.000871840960539673,0.457080223664526
2.30659293260509,1.09659571229939,0.631574334036544,-1.78385030731042,-0.00181911040611554,0.457080223664526
2.30659293260509,1.09221881509918,0.587732584378421,-1.9686270337994,-0.00144082816878226,0.457080223664526
2.30659293260509,1.19864500653657,0.561447312622247,-1.00105844931481,-0.00177060450574613,0.457080223664526
2.30659293260509,0.715888553347083,0.714065343338949,-0.979779901973338,-0.000562359156257246,0.457080223664526
2.30659293260509,0.80619736927266,0.729786911667314,-0.64646326940723,-0.00138348599446785,0.457080223664526
2.30659293260509,1.40222910439537,0.539856294066209,-4.25419610723363,-0.00192893715765034,0.457080223664526
2.30659293260509,0.822272932195735,0.622827810928251,0.613719288613761,-0.00105231550869315,0.457080223664526
2.30659293260509,1.00211559193627,0.643190008707601,-1.95710006664691,-0.00120032621714039,0.457080223664526
2.30659293260509,0.910725546040112,0.630339162257068,-2.57859980992101,-0.000734903472098455,0.457080223664526
2.30659293260509,1.06120460011228,0.612281812269226,-2.31210304617903,-0.00132555122362674,0.457080223664526
2.30659293260509,1.01708029641207,0.583966684737804,0.130587303467994,-0.00151135842600358,0.457080223664526
2.30659293260509,0.92023855348773,0.632960557379126,-1.30884713128942,-0.00115174751611098,0.457080223664526
2.30659293260509,0.93497151174911,0.646009938158979,-0.0330905617633358,-0.00122983250410213,0.457080223664526
2.30659293260509,0.947522047499608,0.692802764551064,-0.318501270904474,-0.00178258852752453,0.457080223664526
2.30659293260509,0.937842867224926,0.625782018478442,-1.45774654205379,-0.0011177974439618,0.457080223664526
2.30659293260509,0.988293704147823,0.617381087964082,-2.72593948054512,-0.000611470394438905,0.457080223664526
2.30659293260509,1.15831990938393,0.640332275230819,-1.63621879466955,-0.00220015507423915,0.457080223664526
2.30659293260509,0.877810024905414,0.65697611938992,-2.79202285134832,-0.000775074779408726,0.457080223664526
2.30659293260509,0.838235184863777,0.60323168208849,-1.06902756031172,-0.000459890499585004,0.457080223664526
2.30659293260509,1.13947011672293,0.552809231945556,-2.60139716764488,-0.00113069880537025,0.457080223664526
2.30659293260509,1.01485778833238,0.622234508624269,-1.44118012327739,-0.0011504648591985,0.457080223664526
2.30659293260509,0.921516405719941,0.657141153832408,-1.88137635647986,-0.00149051641214912,0.457080223664526
2.30659293260509,1.01825556962193,0.697521668911469,-1.93376615599343,-0.00176414793336919,0.457080223664526
2.30659293260509,1.3798941788294,0.518323706444977,-2.6408866285845,-0.00181713293262738,0.457080223664526
2.30659293260509,0.90156862343864,0.549822283212346,-1.05603113739531,-0.000444431091225076,0.457080223664526
2.30659293260509,0.833778862572693,0.618680221206949,-2.42393416626717,-0.000241647822912575,0.457080223664526
2.30659293260509,1.1498582662655,0.64046091038809,-0.977254884337291,-0.00212083717952061,0.457080223664526
2.30659293260509,0.919528932978882,0.630431560736965,0.144458664250918,-0.00120030054535966,0.457080223664526
2.30659293260509,1.17343892276877,0.559596941286907,-2.26972662488631,-0.00121715325168229,0.457080223664526
2.30659293260509,0.969956057491819,0.632465459710765,-2.26790205961815,-0.00136702400202624,0.457080223664526
2.30659293260509,0.752617044158129,0.624963161304495,-2.21033412575265,1.73369288295492e-06,0.457080223664526
2.30659293260509,0.97129056218195,0.600498023124181,-1.08044786509222,-0.000759334062937226,0.457080223664526
2.30659293260509,0.91469230260652,0.642235977824988,-1.52409272366422,-0.00117301463721885,0.457080223664526
2.30659293260509,1.0228842170357,0.587942416536752,-1.73588805807915,-0.00095092315234283,0.457080223664526
2.30659293260509,1.06379475908809,0.582284358678671,-1.79688422563362,-0.000862388858965258,0.457080223664526
2.30659293260509,0.92928447574487,0.566761506958218,-1.84345188253053,-0.000398557998830072,0.457080223664526
2.30659293260509,0.862302151777338,0.658600773377479,-0.624159676741928,-0.000940778045549961,0.457080223664526
2.30659293260509,0.657501172877406,0.705523603283536,-0.202025662808557,-0.000802068148703645,0.457080223664526
2.30659293260509,0.989397969899046,0.569908825269776,-1.30318320558601,-0.000551997370566139,0.457080223664526
2.30659293260509,1.04118676505993,0.632206323964097,-1.54740477498895,-0.00144195908846833,0.457080223664526
2.30659293260509,0.951563436215627,0.630795501872843,-1.12512083697441,-0.00102178062167334,0.457080223664526
2.30659293260509,1.13059585270118,0.556484421093667,-3.16072927395556,-0.000882978703228285,0.457080223664526
2.30659293260509,1.08706146477569,0.545639074881289,-1.20982896543424,-0.00111815489385304,0.457080223664526
2.30659293260509,1.13570832054884,0.552220407555583,-0.147473571942129,-0.00172030908686983,0.457080223664526
2.30659293260509,1.14067918548588,0.586148668405633,-0.71819027254439,-0.00178311458447583,0.457080223664526
2.30659293260509,0.931202665701861,0.595562238242656,-0.0163405212137108,-0.0011000550742745,0.457080223664526
2.30659293260509,1.03712381215911,0.636060275396346,-1.86116566552214,-0.00124956570783426,0.457080223664526
2.30659293260509,1.23701534172488,0.548029289922896,-0.681107479354696,-0.0016672167526712,0.457080223664526
2.30659293260509,0.947706384969142,0.608303788394818,1.28721849403209,-0.00147298482669575,0.457080223664526
2.30659293260509,0.951918969532465,0.685905748896091,-1.33184586599475,-0.00176294356978764,0.457080223664526
2.30659293260509,0.96502353856528,0.630501097574258,-3.76909817080841,-0.000565709583406454,0.457080223664526
2.30659293260509,1.13020822161704,0.510223108203171,-2.04233888820169,-0.000719585510774316,0.457080223664526
2.30659293260509,0.911039424048229,0.59459598228456,-1.40579530114358,-0.000585826005953526,0.457080223664526
2.30659293260509,1.14091782964487,0.514092378650441,-1.28512096098333,-0.00105907722531822,0.457080223664526
2.30659293260509,1.06452764530211,0.564800578995633,-0.4212865671708,-0.00116361864452155,0.457080223664526
2.30659293260509,1.30044515375522,0.484250862684586,-1.56400881452883,-0.00147651882331155,0.457080223664526
2.30659293260509,0.958889896746046,0.610494373811803,-1.97487756725872,-0.000640935405093941,0.457080223664526
2.30659293260509,0.913907709257675,0.683298354799344,-1.95806311572756,-0.00133110914678155,0.457080223664526
2.30659293260509,0.914237759421323,0.678899382937505,-1.64505711353012,-0.00124700334060479,0.457080223664526
2.30659293260509,0.777259165524473,0.651979689255872,-1.22064886437342,-0.000518474930076431,0.457080223664526
2.30659293260509,0.721125115969886,0.701843703137069,-0.977582646867461,-0.000801599217145163,0.457080223664526
2.30659293260509,0.937253206595715,0.606213402506427,0.0463910848014376,-0.00141674471129716,0.457080223664526
2.30659293260509,0.957863164106353,0.641354452376395,-2.40909961236245,-0.00118593494811176,0.457080223664526
2.30659293260509,1.21677511787622,0.521470069890933,-2.39365645001243,-0.00101092046709145,0.457080223664526
2.30659293260509,1.02330360051382,0.594253525104826,-2.50774179822845,-0.000833961780322533,0.457080223664526
2.30659293260509,1.20478165872006,0.598058046997151,-3.36075055007362,-0.00161786465169394,0.457080223664526
2.30659293260509,1.13102816695473,0.602275864143921,-2.52220985460978,-0.00155740225670599,0.457080223664526
2.30659293260509,0.822966992041941,0.647605133002884,-0.832593482168134,-0.000845584267120827,0.457080223664526
2.30659293260509,1.03340884946713,0.611429774566025,-0.857553633168421,-0.00115737236030735,0.457080223664526
2.30659293260509,0.791353857326294,0.652401855458166,-1.28937232980276,-0.000639387159638691,0.457080223664526
2.30659293260509,1.24878953972349,0.578701921178604,-2.47956472325248,-0.00142592788559817,0.457080223664526
2.30659293260509,1.04358457329705,0.574877972776328,-0.0158105050888115,-0.00146671301733018,0.457080223664526
2.30659293260509,1.12121477498567,0.62658648362004,-1.81901066814134,-0.00189651329014992,0.457080223664526
2.30659293260509,1.1730516017289,0.604147069512198,-3.49042238249064,-0.0016588938233372,0.457080223664526
2.30659293260509,0.945702557705126,0.603773697479519,-1.36876256581699,-0.000814956689502766,0.457080223664526
2.30659293260509,0.879464837108206,0.647677331899726,-0.358225167790326,-0.000819379050979685,0.457080223664526
2.30659293260509,1.05875467252673,0.571255953934713,-0.986607006400706,-0.0015297450309929,0.457080223664526
2.30659293260509,1.00696950800536,0.672034719381914,-1.77457554718406,-0.00143720856789841,0.457080223664526
2.30659293260509,1.15188197960022,0.548451153469977,-1.88465726646553,-0.00127458410405408,0.457080223664526
2.30659293260509,0.978680679004798,0.598575003439951,-1.15978696384343,-0.000832844917374963,0.457080223664526
2.30659293260509,0.92172872898171,0.669706390497606,-1.60191878158709,-0.00101914363554117,0.457080223664526
2.30659293260509,1.12576932288099,0.612605384921227,-1.55579714699586,-0.00153940534586769,0.457080223664526
2.30659293260509,1.15209271722413,0.627859966553303,-1.29475751659786,-0.0020546869665493,0.457080223664526
2.30659293260509,0.979018214681336,0.63513529917672,-1.68027463803644,-0.00141216431697926,0.457080223664526
2.30659293260509,1.11486803195635,0.615578646010161,-3.19053850098159,-0.00149576703871149,0.457080223664526
2.30659293260509,0.895949139781852,0.746302827851405,-3.89714688790222,-0.00103508840368283,0.457080223664526
2.30659293260509,0.889771461044184,0.711744464673119,-1.27238673919476,-0.00133888517705292,0.457080223664526
2.30659293260509,0.964923494621781,0.572441081555575,-0.226166881346077,-0.00094919213028275,0.457080223664526
2.30659293260509,1.01947604911493,0.608697570612054,0.126566865066189,-0.00173629537385909,0.457080223664526
2.30659293260509,0.70738340924819,0.67546899590224,-0.947604839680534,-0.000652671528245158,0.457080223664526
2.30659293260509,1.08578935823769,0.593767031528825,-2.13448259850163,-0.00144156982092588,0.457080223664526
2.30659293260509,1.15052528024097,0.562341301438774,-2.42588800497162,-0.00114702070735228,0.457080223664526
2.30659293260509,1.13616978384568,0.616844355651395,-1.56609587870689,-0.0017130124248513,0.457080223664526
2.30659293260509,0.821241241053476,0.578898950620202,-0.72813451187187,-2.31677070401016e-05,0.457080223664526
2.30659293260509,0.983392443804857,0.596901911607523,-0.664911803892726,-0.00118476982557102,0.457080223664526
2.30659293260509,1.08649245691159,0.604099887365131,-3.71390890945548,-0.00103706718445635,0.457080223664526
2.30659293260509,1.31755414493519,0.552858341001938,-2.23656609968344,-0.00204562350233281,0.457080223664526
2.30659293260509,0.870283872559485,0.632239840536916,-1.0617938113257,-0.000544979984377003,0.457080223664526
2.30659293260509,1.1818920330842,0.557258322840793,-1.50629589474257,-0.00175424542132327,0.457080223664526
2.30659293260509,1.09805763174459,0.558800884484596,-0.935708409467343,-0.0013153489921858,0.457080223664526
2.30659293260509,0.938132992703938,0.627054286751027,-2.47195956766724,-0.000773383965549847,0.457080223664526
2.30659293260509,1.06426929762792,0.629972862631889,-1.75365953781786,-0.0012212820220996,0.457080223664526
2.30659293260509,1.30073507872363,0.568544088890732,-1.68458022725876,-0.00243475921735966,0.457080223664526
2.30659293260509,0.93431739980585,0.580002809193087,-1.08296294812068,-0.000657475696164601,0.457080223664526
2.30659293260509,1.0553989362601,0.621160630183324,0.486410281047973,-0.00189715655560956,0.457080223664526
2.30659293260509,1.13837834849856,0.597779755290504,-1.95289491140136,-0.00162097775331575,0.457080223664526
2.30659293260509,0.96345134885765,0.658167689366087,-3.58385467138448,-0.00054652497664201,0.457080223664526
2.30659293260509,1.02744626086333,0.683106646709519,-0.923686874141079,-0.00194149915049359,0.457080223664526
2.30659293260509,1.11600701594762,0.613330065177281,-1.39077788678635,-0.00166591941002257,0.457080223664526
2.30659293260509,1.10338209576125,0.59065896750411,-3.357854024947,-0.00129108860935556,0.457080223664526
2.30659293260509,1.02538095909223,0.577650659542197,-2.95020864487914,-0.000572266035542206,0.457080223664526
2.30659293260509,1.0259041192945,0.596359004793347,-1.01790823461542,-0.0012582682869449,0.457080223664526
2.30659293260509,0.712943352519524,0.688093012638882,-2.93897286223676,-0.000405963324647024,0.457080223664526
2.30659293260509,1.17709432141047,0.590752547518244,-1.32983404891763,-0.0019299271378674,0.457080223664526
2.30659293260509,0.807637761321061,0.638383424406526,1.15478832003276,-0.00137450416526133,0.457080223664526
2.30659293260509,1.10891357610078,0.579860937229245,-0.660315522164051,-0.00149813581629152,0.457080223664526
2.30659293260509,1.01862013392412,0.676543560063912,-1.62465153677435,-0.00162937185569925,0.457080223664526
2.30659293260509,0.903131898526438,0.591755701988714,-0.281626470447672,-0.000730693836667669,0.457080223664526
2.30659293260509,1.08425309385453,0.611069286090067,-1.6155324753146,-0.00133358684134686,0.457080223664526
2.30659293260509,0.94135459839405,0.644009546515063,0.865278301578941,-0.00148144404812321,0.457080223664526
2.30659293260509,1.05693788359858,0.640290365478053,0.240269092805038,-0.00202674128948771,0.457080223664526
2.30659293260509,1.21418474355906,0.487141462421306,-2.57064489527558,-0.000764436441842987,0.457080223664526
2.30659293260509,0.819303511353263,0.633736614617409,-1.16497694823208,-0.000547817963630471,0.457080223664526
2.30659293260509,0.946256925709119,0.664974077061575,-1.82429860535474,-0.00133513447703622,0.457080223664526
2.30659293260509,0.961141707819511,0.602766336522337,-1.74752513213785,-0.000864048844285223,0.457080223664526
2.30659293260509,1.03549494483585,0.645490758922651,-2.50330768055776,-0.00159433158803504,0.457080223664526
2.30659293260509,1.04827610887409,0.597613090618619,-2.24025029229011,-0.00122523394280879,0.457080223664526
2.30659293260509,0.813990711474983,0.699915108759439,-0.397629065147755,-0.00131497814170502,0.457080223664526
2.30659293260509,1.0439902941377,0.612506916316029,-1.69807423812417,-0.00122470312641829,0.457080223664526
2.30659293260509,1.00433699221165,0.646938207166867,-1.77920548470605,-0.00147873223955147,0.457080223664526
2.30659293260509,1.11844570776368,0.599588693879233,-2.96931404892304,-0.00127634327853658,0.457080223664526
2.30659293260509,0.842892001013021,0.659768725015368,-0.823489888075782,-0.000910123142928061,0.457080223664526
2.30659293260509,1.24388694681846,0.590808351366953,-1.39211768270588,-0.00200474418125587,0.457080223664526
2.30659293260509,1.05291164521523,0.594015473983464,-1.50722022849186,-0.00105945501663937,0.457080223664526
2.30659293260509,1.18492474528176,0.58545839106174,-4.11614992024437,-0.00130909219474047,0.457080223664526
2.30659293260509,1.39844624840858,0.490618626028066,-2.89521179366632,-0.00148656711656698,0.457080223664526
2.30659293260509,1.20203104776671,0.53277371377071,-1.85847756215472,-0.00138556469941469,0.457080223664526
2.30659293260509,1.03918175838422,0.629717305355804,-3.83052494655499,-0.00086388558914597,0.457080223664526
2.30659293260509,0.918662035391132,0.623485311563888,-2.06019031787896,-0.000754220664386985,0.457080223664526
2.30659293260509,0.960226808925586,0.613074373212194,-1.40415816290253,-0.000884703906157862,0.457080223664526
2.30659293260509,1.19594042235491,0.547306920591655,-3.91104446624765,-0.000792347740305786,0.457080223664526
2.30659293260509,1.02603311132046,0.64374505827915,-2.95946476580599,-0.000990308562826108,0.457080223664526
2.30659293260509,1.0268771153021,0.660220414060597,-2.21155759811403,-0.00135230809230414,0.457080223664526
2.30659293260509,1.16649242182747,0.5614372705991,-2.03588926011088,-0.00147370494629531,0.457080223664526
2.30659293260509,0.60047635587658,0.725024871213248,-0.34400970852925,-0.000918415192284878,0.457080223664526
2.30659293260509,0.843478588467987,0.660408330186109,-2.20508806690325,-0.000778602696605347,0.457080223664526
2.30659293260509,0.932886786377866,0.591083988971442,-1.25474551126424,-0.000885246959803597,0.457080223664526
2.30659293260509,1.01431979489699,0.581005650388737,-1.64066227756785,-0.000703486028801752,0.457080223664526
2.30659293260509,1.00093981896613,0.541493560580914,-1.02162905726096,-0.000689852476779917,0.457080223664526
2.30659293260509,1.12804177693392,0.570596173422719,-2.99193235681168,-0.000987594722798925,0.457080223664526
2.30659293260509,0.969907727026048,0.567657841414252,-0.521107496644277,-0.000919055387859863,0.457080223664526
2.30659293260509,0.909476794966418,0.664770577089068,-2.36375275785377,-0.0012083138459829,0.457080223664526
2.30659293260509,1.1699754704195,0.514023616486714,-4.07598326687018,-0.000619267451956331,0.457080223664526
2.30659293260509,1.08037035722687,0.665672953471083,-2.33077889080219,-0.00171158294573945,0.457080223664526
2.30659293260509,0.915421472332871,0.623623604771757,0.690368477484748,-0.0014860724150202,0.457080223664526
2.30659293260509,1.28560077357622,0.584887879815032,-2.05988222673211,-0.00216525394682823,0.457080223664526
2.30659293260509,0.460928307055647,0.752994218676796,-0.710929169640068,4.14563949326833e-05,0.457080223664526
2.30659293260509,0.530156048678105,0.705724069603079,-1.00116565687369,0.000133437652901312,0.457080223664526
2.30659293260509,1.19769973692319,0.550770483424111,-1.70842772982605,-0.0018922430068965,0.457080223664526
2.30659293260509,0.873177579958219,0.666885608470275,-1.50364256793308,-0.00076137935398113,0.457080223664526
2.30659293260509,0.994442699836187,0.621453991457081,-1.49325252229252,-0.00120319865431061,0.457080223664526
2.30659293260509,1.14317243073843,0.541687369116283,0.688113077255906,-0.00154094705318067,0.457080223664526
2.30659293260509,1.07895372544461,0.555379932559905,-1.79017134125355,-0.00105622577781943,0.457080223664526
2.30659293260509,1.01562336407378,0.613315770645719,-1.07807436268193,-0.00137899746749579,0.457080223664526
2.30659293260509,1.30994351188032,0.528918660023742,-2.45937124889849,-0.001592702856608,0.457080223664526
2.30659293260509,1.14927092681892,0.656024421995668,-3.03545120731611,-0.0018226988524119,0.457080223664526
2.30659293260509,0.859344862012982,0.591073693235869,-1.65085545751475,-0.000496739475708716,0.457080223664526
2.30659293260509,0.852581417546147,0.676729406710443,-0.0507506577013874,-0.00132496058195897,0.457080223664526
2.30659293260509,0.938823197241839,0.671742132911871,-2.26951622723993,-0.00100287501297471,0.457080223664526
2.30659293260509,1.18177689928373,0.543120926501956,-1.69888747939287,-0.001452586837678,0.457080223664526
2.30659293260509,0.949335534916396,0.657066844566602,-1.35716581228082,-0.00116763642125603,0.457080223664526
2.30659293260509,0.764621478301046,0.716198046934194,-1.06651214378612,-0.000883971791713958,0.457080223664526
2.30659293260509,0.871147582149773,0.640886094292637,-1.37270113920646,-0.000552177265079674,0.457080223664526
2.30659293260509,1.13265923115969,0.572443155907132,-0.891499767238553,-0.00168728764243898,0.457080223664526
2.30659293260509,1.15826616152476,0.504335091927807,-1.03266311246881,-0.00113361664470493,0.457080223664526
2.30659293260509,0.84274271012751,0.713203856931374,0.110333320859659,-0.00196839117180687,0.457080223664526
2.30659293260509,1.03549494483585,0.645490758922651,-2.50330768055776,-0.00159433158803504,0.457080223664526
2.30659293260509,1.32667935127652,0.497821481480381,-4.00278753113609,-0.00105804950782107,0.457080223664526
2.30659293260509,0.917446600924617,0.637886880901318,-1.7754462635157,-0.000922659697101374,0.457080223664526
2.30659293260509,1.13546842018848,0.52147792358376,-2.5754498103179,-0.000708757572399748,0.457080223664526
2.30659293260509,1.11890279193168,0.60060002790588,-3.81151966123621,-0.00074106916360703,0.457080223664526
2.30659293260509,1.09144232997294,0.611324264183874,-2.07689345499306,-0.00164183442285066,0.457080223664526
2.30659293260509,0.670014380689891,0.738548137312149,-0.696402416539988,-0.000932482671254109,0.457080223664526
2.30659293260509,1.25201568360154,0.529464851948203,-2.72717774268283,-0.00122169149612918,0.457080223664526
2.30659293260509,0.973987244712155,0.581135998982106,-3.5200944755253,-0.000248606089449541,0.457080223664526
2.30659293260509,1.17942396343598,0.560272546975171,-2.60072401473091,-0.00137016298004537,0.457080223664526
2.30659293260509,1.20418002041329,0.572552472964867,-2.59860416983269,-0.00155722088146915,0.457080223664526
2.30659293260509,1.05116365923362,0.673232545499098,-2.45095249335751,-0.00161627270094067,0.457080223664526
2.30659293260509,1.20760302587116,0.526275636826962,-2.08966713319596,-0.00128402961387897,0.457080223664526
2.30659293260509,1.01874304536968,0.638271214703715,-0.370787858186782,-0.00175402373193905,0.457080223664526
2.30659293260509,1.01124611754538,0.603401353255021,-0.573586945672733,-0.0012070488477474,0.457080223664526
2.30659293260509,1.13364617663978,0.573274416637837,-2.33796766253391,-0.0011333535616947,0.457080223664526
2.30659293260509,0.829448424059949,0.611067960350733,-0.793357563172545,-0.000560864749737601,0.457080223664526
2.30659293260509,0.94098768000313,0.61795878608759,-0.534396802470677,-0.00138729556792395,0.457080223664526
2.30659293260509,1.23858942761458,0.468453656057504,-1.2341175363532,-0.00119775279325889,0.457080223664526
2.30659293260509,1.06794565035509,0.607048409348123,-1.41354281904612,-0.0012713864688798,0.457080223664526
2.30659293260509,0.961229390197638,0.620943957810975,-1.97739913263288,-0.000795449597681238,0.457080223664526
2.30659293260509,0.627618430503102,0.723876403050235,-2.68012654858416,-1.45796187136187e-05,0.457080223664526
2.30659293260509,1.06129174287954,0.605918529133339,-3.19257951675716,-0.000895395909738948,0.457080223664526
2.30659293260509,1.09023754893726,0.535519149457399,-1.46094239968816,-0.00106625079859453,0.457080223664526
2.30659293260509,0.872489169557813,0.611187651181239,-1.97267825968984,-0.000457095769552744,0.457080223664526
2.30659293260509,1.01038017330508,0.586923665652493,-2.20442662070452,-0.000652222744546729,0.457080223664526
2.30659293260509,0.93336832403377,0.629355769055709,-1.27379804651053,-0.000885978976404218,0.457080223664526
2.30659293260509,1.09656067838633,0.58391364132384,-2.41179018003809,-0.0013093342983115,0.457080223664526
2.30659293260509,0.911335426746209,0.628910146027812,0.315526030574751,-0.00130917149553222,0.457080223664526
2.30659293260509,1.0811170527148,0.628809461877795,-1.26041806853561,-0.00163430491733932,0.457080223664526
2.30659293260509,1.01219320902592,0.63112782186537,-3.26828498201921,-0.000923663122440168,0.457080223664526
2.30659293260509,0.928667207375122,0.629204482249375,-1.16491639205777,-0.000857211795260695,0.457080223664526
2.30659293260509,1.07910082541839,0.559672070462572,-2.70999027587031,-0.000712190139915741,0.457080223664526
2.30659293260509,0.798663702158745,0.634833926080494,-0.569521178014249,-0.000633130108645756,0.457080223664526
2.30659293260509,0.843353565322411,0.643701134889974,-3.16841762939345,-0.000187495409641047,0.457080223664526
2.30659293260509,1.21525767397099,0.570289279672647,0.320264340687925,-0.00195359118768382,0.457080223664526
2.30659293260509,0.895251314808743,0.645263328707545,-1.59954392401269,-0.000850929799290634,0.457080223664526
2.30659293260509,0.945324556088479,0.63094212939789,-0.552286426906405,-0.00129045387049894,0.457080223664526
2.30659293260509,0.872578174152779,0.675148752080077,-1.28258149181691,-0.00114853389977933,0.457080223664526
2.30659293260509,0.971705845160127,0.643885934235969,-2.45645519741329,-0.000977279347591799,0.457080223664526
2.30659293260509,0.913350064570084,0.651421383484466,-1.34038965950778,-0.000971521343441538,0.457080223664526
2.30659293260509,0.898040675773148,0.641731319698568,-1.9890694140742,-0.00094120419659408,0.457080223664526
2.30659293260509,1.00366224832189,0.617654994420822,-1.37750771679054,-0.00139007144206239,0.457080223664526
2.30659293260509,1.04803257033667,0.64047361489782,-1.86465996673212,-0.00143787350451667,0.457080223664526
2.30659293260509,1.21616278730676,0.568745306112349,-2.90023840895119,-0.00118110417189051,0.457080223664526
2.30659293260509,0.853082005264178,0.64953260439383,1.26525771495203,-0.00159360806228189,0.457080223664526
2.30659293260509,1.05671676272159,0.596213230641839,-1.93844043718307,-0.00123777039748475,0.457080223664526
2.30659293260509,1.21664325807727,0.479658828522824,-1.82216078891216,-0.00100167474231444,0.457080223664526
2.30659293260509,1.01425568136802,0.618579291277133,-1.19801241849737,-0.00112126016529229,0.457080223664526
2.30659293260509,1.17319929218871,0.558445164026147,-2.58278961288405,-0.00145705335407139,0.457080223664526
2.30659293260509,0.912026207501114,0.667253791917433,-0.706200910502009,-0.00146377666213664,0.457080223664526
2.30659293260509,1.05763802595236,0.601371587811213,-1.89154929995106,-0.00104897392860428,0.457080223664526
2.30659293260509,1.2606332755389,0.521810488718599,0.346795562855051,-0.00191649901160203,0.457080223664526
2.30659293260509,1.01276670797531,0.551276679548849,-0.645206349268959,-0.000766227019465068,0.457080223664526
2.30659293260509,1.04272401418962,0.610496317506867,-2.40673276768353,-0.000847430850529901,0.457080223664526
2.30659293260509,0.938356744025507,0.611149820562007,-1.82311811963028,-0.000735419416353365,0.457080223664526
2.30659293260509,1.16412414883605,0.523990039104391,-2.15058644483185,-0.0010193906188011,0.457080223664526
2.30659293260509,0.780600117455692,0.648033813994209,-2.07888413194481,-0.000320429653864695,0.457080223664526
2.30659293260509,0.926794840069436,0.631357262744626,-1.40998718854643,-0.00141154881905674,0.457080223664526
2.30659293260509,1.16711060842608,0.561491075790355,-3.14189500126493,-0.00123827260668489,0.457080223664526
2.30659293260509,1.24019360947805,0.534552226463354,-3.86713839277175,-0.00118474127192171,0.457080223664526
2.30659293260509,1.09651007858363,0.543881250564161,-2.19452350621498,-0.000901635653442057,0.457080223664526
2.30659293260509,1.1018056921569,0.614763579876356,-3.50610937814214,-0.00123080427950525,0.457080223664526
2.30659293260509,1.35988365864296,0.476195341407595,-0.874467316512859,-0.00189754727795013,0.457080223664526
2.30659293260509,1.14249932961176,0.616525168567515,-1.33858212776836,-0.00180164553119759,0.457080223664526
2.30659293260509,1.01717574706355,0.560061501666785,-1.48043910147632,-0.000611261466155614,0.457080223664526
2.30659293260509,1.16350208254622,0.560290667374196,-2.11449570478576,-0.00121313088274455,0.457080223664526
2.30659293260509,1.10065104003192,0.542524520084341,-1.53474200340898,-0.000781403060226351,0.457080223664526
2.30659293260509,0.950257808711281,0.681626686792707,-2.91222021707912,-0.00133289567673047,0.457080223664526
2.30659293260509,0.820191395978529,0.683741335772932,-1.30847376167666,-0.00085000963722879,0.457080223664526
2.30659293260509,0.630180477557597,0.740464596582334,-1.70335575325327,-0.000419058716294737,0.457080223664526
2.30659293260509,1.20142458000525,0.593553917434812,-1.16425856449342,-0.0019365107746748,0.457080223664526
2.30659293260509,0.728394575165268,0.741050348572096,-0.952041488927067,-0.000947013981084534,0.457080223664526
2.30659293260509,0.73531862855831,0.736087314696364,-0.654860140945709,-0.00097565253530105,0.457080223664526
2.30659293260509,0.844039037248959,0.695184159265811,-0.105590995087453,-0.00149200960634016,0.457080223664526
2.30659293260509,0.950068129906621,0.679271038318232,-0.161909691804704,-0.00183461475034534,0.457080223664526
2.30659293260509,1.14499688798983,0.624487473644862,-3.66355658735107,-0.00153950379932047,0.457080223664526
2.30659293260509,0.96855053637453,0.665451920594702,-2.48353385796071,-0.00128535652300462,0.457080223664526
2.30659293260509,0.986006894541726,0.620085867799136,-2.18170285772366,-0.0012352670419172,0.457080223664526
2.30659293260509,1.29680895316139,0.520798320161673,-2.84400582162406,-0.00148390816383888,0.457080223664526
2.30659293260509,0.951863323250127,0.634102124533938,-0.984180515261082,-0.000995948532234466,0.457080223664526
2.30659293260509,1.17134478540848,0.562593646659395,-2.32847992791719,-0.0012429360218882,0.457080223664526
2.30659293260509,1.36391629490893,0.505118522464822,-1.34942078400868,-0.00186169781440104,0.457080223664526
2.30659293260509,1.22164460161334,0.517396409370038,-0.847491284645394,-0.00122695577238487,0.457080223664526
2.30659293260509,1.13181760445706,0.626981232565027,-1.63725507860604,-0.0020872390011096,0.457080223664526
2.30659293260509,1.24352225136869,0.587693146709856,-1.91273755913394,-0.00191063105044442,0.457080223664526
2.30659293260509,1.10481299098034,0.54627863187417,-1.35092359397114,-0.00101713765982136,0.457080223664526
2.30659293260509,0.884632940759689,0.652467666930398,-2.8870329306244,-0.000784096828813762,0.457080223664526
2.30659293260509,0.903562600031279,0.622223107742224,-2.06851133337292,-0.000698473594789076,0.457080223664526
2.30659293260509,0.99415694442764,0.676487273277318,-1.71517757427441,-0.00127317632549838,0.457080223664526
2.30659293260509,1.30213700425849,0.576485540969851,-1.36807567294567,-0.00230575007608694,0.457080223664526
2.30659293260509,0.965124720733388,0.705532938772461,-1.12773325345558,-0.00182800377243728,0.457080223664526
2.30659293260509,0.928367789658822,0.678339967374957,-1.98239065511242,-0.00136889102008332,0.457080223664526
2.30659293260509,1.04209049399609,0.620002222066844,-2.8002033128496,-0.00113172767657777,0.457080223664526
2.30659293260509,0.90959646489926,0.655149033927494,-1.24315186918414,-0.00116207997326035,0.457080223664526
2.30659293260509,1.09116609070204,0.606408482286173,-1.68367463289367,-0.00143488974924655,0.457080223664526
2.30659293260509,0.907638848261224,0.671726498195624,-1.32508213024407,-0.00115691737788679,0.457080223664526
2.30659293260509,0.711818237940041,0.652577876998198,-0.794349444544692,-0.000230928058634918,0.457080223664526
2.30659293260509,1.28462879067993,0.491666138146289,-2.40587823995182,-0.0011759950439912,0.457080223664526
2.30659293260509,1.23604702357856,0.551779936526142,-1.62403889482112,-0.00172155640843224,0.457080223664526
2.30659293260509,0.905603000806682,0.652929965689656,-2.06393276628671,-0.000824427244175718,0.457080223664526
2.30659293260509,0.965436370120866,0.523759788345894,-0.340100769709109,-0.000703785440393518,0.457080223664526
2.30659293260509,0.862830254172035,0.658727202574756,0.0796910389154342,-0.00128330399110721,0.457080223664526
2.30659293260509,0.968615699800621,0.57129179491532,-3.10046963967093,-0.000623284227204657,0.457080223664526
2.30659293260509,0.981949222712317,0.598526959493583,-2.56087287046714,-0.000908133561045196,0.457080223664526
2.30659293260509,0.819737030369984,0.652650593611505,-0.753668199487938,-0.000760628503300289,0.457080223664526
2.30659293260509,1.02845481589584,0.611953916633616,0.313470416875021,-0.00176965286332737,0.457080223664526
2.30659293260509,1.08926823792237,0.603056739615241,-2.9259324326435,-0.00129073259853789,0.457080223664526
2.30659293260509,0.91469230260652,0.642235977824988,-1.52409272366422,-0.00117301463721885,0.457080223664526
2.30659293260509,1.03746932345653,0.674863132684325,-2.22328150556454,-0.00169389608616077,0.457080223664526
2.30659293260509,0.96855053637453,0.665451920594702,-2.48353385796071,-0.00128535652300462,0.457080223664526
2.30659293260509,0.967150042706527,0.668207255522279,-2.00236360036233,-0.00116614957979591,0.457080223664526
2.30659293260509,1.01458247546497,0.646579604466098,-2.31793232663098,-0.00132684094090508,0.457080223664526
2.30659293260509,0.987617857681226,0.626424153743627,-2.27280512785101,-0.0012787508225999,0.457080223664526
2.30659293260509,1.34002825250799,0.556651680824558,-3.50680020697085,-0.00196156080570624,0.457080223664526
2.30659293260509,0.724190154266994,0.661456936065252,-1.93950348335186,-4.9928777752585e-05,0.457080223664526
2.30659293260509,1.31155111167669,0.574685903701173,-3.00866899609883,-0.00193718048584757,0.457080223664526
2.30659293260509,1.06134753549888,0.569924258744286,-2.02125079444491,-0.00102048331397324,0.457080223664526
2.30659293260509,1.0768070766524,0.541814010547275,-1.78686017718176,-0.00111573536198746,0.457080223664526
2.30659293260509,1.1890912837556,0.528655896640212,-0.438235967291085,-0.0015214819345731,0.457080223664526
2.30659293260509,1.18529615089272,0.588074807668384,-1.72367352083733,-0.00174725904493346,0.457080223664526
2.30659293260509,1.06720701298715,0.536135603871154,-0.037285561599658,-0.00108374180932774,0.457080223664526
2.30659293260509,0.990149626777589,0.582355079835403,-0.279668890608681,-0.00100700719020082,0.457080223664526
2.30659293260509,1.37001788687684,0.537810789088392,-2.10191040938796,-0.00190034887567186,0.457080223664526
2.30659293260509,1.12413982987544,0.590988696634995,0.374137728134105,-0.00195094642830716,0.457080223664526
2.30659293260509,0.942799553054722,0.645252556738716,-0.851621377848841,-0.0012523934849739,0.457080223664526
2.30659293260509,0.958670560527865,0.683427900518925,-2.74118233128087,-0.00114992435770594,0.457080223664526
2.30659293260509,0.938618964303825,0.631157262186581,-0.892455382103639,-0.00120177666739956,0.457080223664526
2.30659293260509,1.07658017174381,0.585933970882293,-2.79442187652872,-0.00104197816485404,0.457080223664526
2.30659293260509,0.949159141221124,0.596087507229117,-1.80684363598569,-0.000504349075758886,0.457080223664526
2.30659293260509,0.908689049910844,0.672532760537449,-2.72762820488854,-0.000693580673192563,0.457080223664526
2.30659293260509,0.974021102840225,0.627413337819994,-2.03598544952419,-0.00111550972091432,0.457080223664526
2.30659293260509,1.1073340023362,0.612754215701936,-3.25048388088091,-0.00109119153604489,0.457080223664526
2.30659293260509,0.897014978277271,0.575421702723655,-1.63542256515424,-0.000498939677093344,0.457080223664526
2.30659293260509,0.834175996190347,0.672222780269597,0.162072582668866,-0.00114275513886018,0.457080223664526
2.30659293260509,1.19586471730114,0.535683692378579,-2.13715898250399,-0.00125671960447236,0.457080223664526
2.30659293260509,1.17794207343399,0.587934460146842,-4.37601186577408,-0.00119716322808474,0.457080223664526
2.30659293260509,1.03754313671863,0.619662671426943,0.651972538862296,-0.00172480409747261,0.457080223664526
2.30659293260509,0.851415227865534,0.673587934909406,-3.22984107595377,-0.000731735039511179,0.457080223664526
2.30659293260509,0.97036539212315,0.664523054918155,-0.934376216310837,-0.00172554378887398,0.457080223664526
2.30659293260509,1.28798952085633,0.531614585143565,-2.71349087165532,-0.0015760485835045,0.457080223664526
2.30659293260509,1.20970193503368,0.533910438500311,-2.24991637255186,-0.00135344384360945,0.457080223664526
2.30659293260509,1.1227785118694,0.652127698927583,-2.93317477747279,-0.00174320246057129,0.457080223664526
2.30659293260509,0.917014347433601,0.588261514916614,-1.41167570502266,-0.00064507677691057,0.457080223664526
2.30659293260509,1.13238363470841,0.618038934498008,-2.12116752928292,-0.00171708439308275,0.457080223664526
2.30659293260509,0.828282416798444,0.593170906881352,-0.00165284774366531,-0.000466793068854647,0.457080223664526
2.30659293260509,0.833778862572693,0.618680221206949,-2.42393416626717,-0.000241647822912575,0.457080223664526
2.30659293260509,1.0674084662439,0.623204757487407,-3.40694726289241,-0.000976899778829062,0.457080223664526
2.30659293260509,1.06874945884893,0.595599507719863,-2.09565489746454,-0.00125363254471295,0.457080223664526
2.30659293260509,0.854773588064669,0.650731083064904,-3.26854702351034,-0.000383580783515416,0.457080223664526
2.30659293260509,0.688696125000632,0.670469856692517,-1.84964192229405,-8.89324350015134e-05,0.457080223664526
2.30659293260509,0.939460804210146,0.52788798730148,-0.913144036407491,-0.000480088069739396,0.457080223664526
2.30659293260509,1.02939764247009,0.617377931660354,-2.14884226649986,-0.00148967423661442,0.457080223664526
2.30659293260509,1.06087314242647,0.573204102659563,-0.584737580303412,-0.0013971119131301,0.457080223664526
2.30659293260509,1.05040075079191,0.572335324935033,-2.42615632620198,-0.00069144086711404,0.457080223664526
2.30659293260509,0.979552466723347,0.646013055697512,-1.27016373932675,-0.0013276126857303,0.457080223664526
2.30659293260509,1.1252045304257,0.553382956297512,-1.11450597534642,-0.00122089784067649,0.457080223664526
2.30659293260509,0.998131078711102,0.602931438171848,-2.27884127862336,-0.000978315678412222,0.457080223664526
2.30659293260509,1.03856306594599,0.614059375701814,-1.40409910086722,-0.00152486139324641,0.457080223664526
2.30659293260509,0.969907727026048,0.567657841414252,-0.521107496644277,-0.000919055387859863,0.457080223664526
2.30659293260509,1.02835633258756,0.533824193630903,-0.673130201998176,-0.000806775295409839,0.457080223664526
2.30659293260509,1.14678531983754,0.598876619153475,-2.64476831396623,-0.00129892469695809,0.457080223664526
2.30659293260509,1.02872907516037,0.633143432595854,-2.24185083110349,-0.00128282447484602,0.457080223664526
2.30659293260509,0.925336513776355,0.695682582983864,-0.859195147631552,-0.0015145336949594,0.457080223664526
2.30659293260509,0.931293920071711,0.629534077719091,-1.58320827648735,-0.000870321718124938,0.457080223664526
2.30659293260509,1.24761258648178,0.583349498501382,-3.22783035388789,-0.00184504498934987,0.457080223664526
2.30659293260509,0.973670232940734,0.635119128540433,-1.27967352423243,-0.00126158685489959,0.457080223664526
2.30659293260509,0.582775608107375,0.752566281728875,0.069482756046902,-0.000961462883800367,0.457080223664526
2.30659293260509,1.03150182412095,0.558156489751862,-0.0395733629084989,-0.00124302641943084,0.457080223664526
2.30659293260509,0.962440278720903,0.573392040547735,-1.07193856556592,-0.000629221091882465,0.457080223664526
2.30659293260509,1.10769498391577,0.561149344101052,-1.09108189848029,-0.00151139883597901,0.457080223664526
2.30659293260509,0.96855053637453,0.665451920594702,-2.48353385796071,-0.00128535652300462,0.457080223664526
2.30659293260509,0.913472971869301,0.638251219758259,-1.78403359868027,-0.000684244875812943,0.457080223664526
2.30659293260509,1.06921520186973,0.576938604548724,-1.8639990089711,-0.000988859475461663,0.457080223664526
2.30659293260509,0.873682787726825,0.548220339955901,-0.521609386452212,-0.000371617039858081,0.457080223664526
