"V1","V2","V3","V4","V5","V6"
2.18809953757124,0.871386301768208,0.679329839862406,-0.583354393500406,-0.00122815997312853,0.391131350174043
2.13912261133028,0.824159703284581,0.696493937921008,-1.59708379301213,-0.00065704741800039,0.37580533618565
2.02525209508976,0.657616733897179,0.774280640714369,-2.13692594343382,-0.000777562305834761,0.421849575965612
2.50620169161057,1.09841884770672,0.689420301690073,-3.32640016266372,-0.00189741170663195,0.469256601965467
2.32545091009625,0.790205964211499,0.670982826113955,-2.06881690406603,-0.000332319946463043,0.440138955150899
2.26599681468292,0.791487959015595,0.70063627574419,-0.79251689110639,-0.00094252461604984,0.363759416698081
2.16565019300499,0.655069616507303,0.757962995562139,-1.41867906206969,-0.000783687417757917,0.399982751600825
2.28974593899824,0.76733233590832,0.708185885196104,-2.84901589086371,-0.000462952316886001,0.429165784331867
2.06584612475345,0.952226272727098,0.67291681246762,-4.00324301352799,-0.000709345196525175,0.405039133877957
2.4944882675028,0.815734275550983,0.690585841542737,-1.52432589466246,-0.000869521534427563,0.371859550567664
2.08813385242364,0.931002823703123,0.701366690253095,-2.32488932901227,-0.00100847682282183,0.38265756805265
2.11376265674517,0.915445284781859,0.672152131934244,-2.55197555215684,-0.0006988999358372,0.416202473713228
2.06908261488086,0.678986915455005,0.739468622223634,-0.42022242626527,-0.000704615843500315,0.358320527283913
1.90432687994063,0.930124478206286,0.650966717040041,-2.10729498588013,-0.00101999095674676,0.395084932457383
2.16585504413285,0.981092910451791,0.637254479621219,-5.47369884387347,-0.000230567356288046,0.41254260678932
2.08288759415436,0.746364848269734,0.733599445563099,-1.80966727915773,-0.000998139816186122,0.386272940096148
2.31778700360259,0.75498521697609,0.714535565598803,-1.25089406387617,-0.000974325568031683,0.42165689394001
2.34072615405891,0.746198516192089,0.749114893135984,-1.05384113473336,-0.00106719495186315,0.372687601506765
2.34207345526533,0.806739962749656,0.709101507724585,-2.57946977783119,-0.000638214851411127,0.374839065665529
2.46633948697378,0.829087113187868,0.71332079105615,-1.56015048290472,-0.000925875132734107,0.44621011090121
2.37301773851146,0.822394979202467,0.706731226407263,-2.1542584628065,-0.00093288121001057,0.362111115128445
2.47075435351648,0.836986518241063,0.745645705928807,-1.3490008090357,-0.00143042065572427,0.447143099366281
2.33322818076442,1.10583048114758,0.6279331759177,-4.4270897103351,-0.00135145192067305,0.454506564764458
2.19283828479541,0.560121581272853,0.756378695965808,-1.62237854823059,-0.000179737121399307,0.399565839342805
2.3575225476727,0.745332250537076,0.684407234540894,-1.41012524338231,-0.000727662709755609,0.383311789134914
2.64395148769438,0.577231712280796,0.759467002664109,-2.39412766191321,-0.000289282443349234,0.377167213506931
2.36575526752056,0.986932363567093,0.648081085903936,-2.87160427964589,-0.000449165423304509,0.447702953937854
2.28006450107031,0.80370670693666,0.727406215059832,-1.6671735439008,-0.00105413478097072,0.386150836020307
2.11085126752859,0.740579431146407,0.755965792431854,0.146334589474755,-0.00115986781006914,0.420059348768316
1.88828391080637,0.659838273179729,0.757938415530251,-0.844424420915598,-0.00111792449251314,0.455200856180649
2.16640225827889,1.05535103527284,0.649980890884605,-3.89943245239248,-0.00095576241732785,0.428062129073508
2.35453147298055,0.80630440604955,0.755353572823582,-1.57052564691583,-0.00124846487803574,0.394781057507839
2.33611267499792,0.498794177792782,0.792792556632274,-1.01056821650769,-0.00044120835268823,0.380455738163678
2.35192733487245,1.03889814973148,0.570230758631032,-2.42467332819027,-0.000596687030784182,0.393901595551576
2.43571211871079,0.69906357588111,0.667336888056612,-2.07916004104637,0.00021623305100445,0.38747920444908
2.54226371175299,1.05679907308253,0.632408986920818,-1.95127403017408,-0.00121600378207612,0.44946670135884
2.04201495142497,0.79748996335092,0.653686159046909,-2.13854871606339,-0.000323048536360678,0.386822873060522
2.1889092824818,0.934721666421563,0.683071449254588,-2.58517235977658,-0.00149258001657963,0.433815553511521
2.37845374599794,0.743452011051013,0.747053590758973,-2.22732336062927,-0.00100938118211197,0.359680458395119
2.42975869156444,1.1470942410966,0.583996081061839,-1.87418662378157,-0.00149777991910573,0.430737221415995
2.113045674015,0.955253525573014,0.652053831561773,-1.80522118492341,-0.00125600402461938,0.36695869314011
2.33065936751662,0.769951331980127,0.758971983245127,-1.17872673284984,-0.00143331107637006,0.425360653985796
1.9700722640118,1.14124695982236,0.649370732856161,-1.88889441201052,-0.00174949054295587,0.462266072599553
2.30246954655838,0.871804851334811,0.674158854675433,-3.54196138031421,-0.000500430862757386,0.388443794590159
2.50412282232305,0.547245771412606,0.832193982892751,-2.30537078100051,-0.000507526638549351,0.367110856824232
2.48662667128889,0.648886841490137,0.763959331064878,-0.73447943153768,-0.000784039048801703,0.383142037473427
2.27118580644775,0.730280511166417,0.742042184181164,-2.3018405136419,-0.000763277849463444,0.389893097319746
2.32411786833102,1.04307335399066,0.670871659008269,-3.01213983955138,-0.00153152015949524,0.420521360032875
2.33403783372345,0.54505260663996,0.813039174524009,-1.37387658739014,-0.000741395992480814,0.373516070693875
2.77084943649808,0.998443619631174,0.639872213591898,-1.50491301635512,-0.00135695227787477,0.401028764192301
2.29253701805919,0.599649496050303,0.789253682362268,-2.1111179797397,-0.000475777242751767,0.443100802111371
2.18626899070299,0.609821706448291,0.740326848999412,-1.43085076428211,-0.000390192470143639,0.338866747949455
2.59237760068583,0.848901703314883,0.728920158960894,-1.76954431862694,-0.00133237763620637,0.383831689585977
2.25990695252159,1.04844837060676,0.652409965238328,-2.1725966942896,-0.00153866072799472,0.437019185287742
2.19754887119621,1.24792536128053,0.619870923974877,-3.11768607974406,-0.00149119544752486,0.447194169480645
2.41723213460187,0.874419702731915,0.67974965685597,-0.678842835272917,-0.00144727597982362,0.428562497319368
2.40862308802333,0.570119148057675,0.784737669549166,-2.4637839152141,-6.31675069153307e-05,0.415783976753516
2.35602665456495,0.86066189244544,0.669229041802431,-2.14348013319992,-0.00070813402134821,0.380718528197373
1.98835932826733,0.570677963922404,0.771906710433101,-3.69536646823314,-5.26131021271401e-05,0.374959562085601
2.49634886937874,0.897473548405704,0.708941238411449,-1.20350475989172,-0.00162110239586318,0.449923577160712
2.29484238173877,0.837557539620795,0.742468548554915,-0.674362828835733,-0.00150713194926064,0.346679223668584
2.55333070309375,0.85486640429674,0.655416868631838,-2.00614185735231,-0.00052189547413546,0.383187097480174
2.27484990979068,0.898440490057782,0.730397332502892,-1.91536298235301,-0.0013880122935786,0.341327641394068
2.26898200093278,1.38350452831405,0.561515556720944,-3.39068539307516,-0.00210774693648549,0.387282033372752
2.08240040201823,1.04233770705533,0.634492196665325,-0.897936644418582,-0.00146518105817496,0.441525322954074
2.40419540380268,0.847396865888259,0.654769658885384,-3.12319667949452,-0.000456970418045849,0.416675372826302
2.20736966434266,1.01283954617338,0.643998597863715,-2.97091211367727,-0.00103383586958265,0.438884584734477
2.45689665008683,0.790843722565449,0.743038111716308,-2.63412447708093,-0.00110013532052924,0.409331466716506
2.39810325469677,0.719116189584391,0.720465209056926,-0.55854789897373,-0.000818325687829636,0.430639110215458
2.07915248617847,1.10253264884255,0.615082547826442,-2.53062668633661,-0.0012525592916679,0.41170546047539
2.0468289008257,0.988345859658544,0.636023947363325,-2.15434379637689,-0.000932882000264172,0.396361007287897
2.57055265410126,0.648545948212566,0.761125622357484,-0.532668819107245,-0.000924356499516225,0.414692117776952
2.28767292341517,0.849359867742354,0.71287009831818,-2.87081337292317,-0.000795818351745643,0.376292112513683
2.09846809529688,0.863903951156002,0.709651165903256,-2.78809931779995,-0.0010661791196924,0.464345324820292
2.13234737594124,0.910220490278352,0.705566929583084,-2.04414084803298,-0.00133716604399879,0.396258225690299
2.3180463641863,0.627065862837176,0.793695071140902,-0.216015965491624,-0.00134316614851118,0.389106434789959
2.13273957329398,0.734126200048665,0.691600215123483,-2.48102353480853,-0.000192757860649673,0.430967529223509
2.29206373703411,0.873911001661675,0.708723280023326,-2.44918577541874,-0.00114955299390805,0.386489273192812
2.24984299935058,0.881174774240533,0.693378820901818,-3.07377962256166,-0.000825133616747473,0.379397112186852
2.120702873338,0.78987108907701,0.672374957696162,-1.77434344201433,-0.000407599882082446,0.405502294946533
2.2764653800862,0.789150428922477,0.721906372168274,-0.869343960917823,-0.00101369574437544,0.38794722224063
2.37581932347932,0.440440023680685,0.758025603508028,1.35000187171674,-0.000533623546569765,0.514526293326682
2.08646648860386,0.690508807776168,0.693659594652484,-2.0384648756534,-0.000252222684859018,0.411357187962311
2.14218356846782,1.04243850532286,0.679763488343246,-1.97478847882474,-0.00187029348336343,0.438102924779332
1.99311552633428,0.811692474736862,0.702779409695143,-1.6050375794754,-0.00089767568853845,0.432138478636242
2.12610294541529,1.00587332965168,0.601461465888534,0.318750041503471,-0.00133513262201716,0.410803256386398
2.4086961471332,0.784922436901846,0.701013614925917,-2.91711525758719,-0.000484308848050361,0.392845185364593
2.26223666504088,0.725082416793136,0.734514195751148,-1.8747382524914,-0.000675267107367291,0.389357054724618
2.16215369665265,0.551813081962954,0.794365184068086,-2.62515940548966,-0.000439285596840185,0.414815555420942
2.45208161646065,0.716731234890355,0.733438005363524,-0.765484222382141,-0.000943968182883671,0.362071478732592
2.06783446288444,0.831967211770274,0.669365712077916,-1.42588419814012,-0.00077394841658192,0.388826400438103
2.44204238628091,0.722190152538185,0.711369674556623,-1.98620350210286,-0.000501449110446848,0.43185507861226
2.45772063114698,0.965625592544645,0.691711730764739,-2.17996830223211,-0.00144038218738079,0.452974433687983
2.4278913193972,0.804336590992773,0.750239449293041,0.300566775671155,-0.00185368790880012,0.422810531802902
2.35091530400177,0.83679548544844,0.70870607227784,-2.93833203842611,-0.00076018982524628,0.415846947397658
2.34595284263963,0.97537401323655,0.650277298145909,-3.54385344034833,-0.000924927261473527,0.391660774483676
2.34913682954366,0.861757678750114,0.669116331376681,-1.65064786984839,-0.000729899376317615,0.430816030844541
2.12816088640336,0.866881141543557,0.696881796157097,-0.780842749317832,-0.00131010518362837,0.408958516544764
2.51566379643781,0.724307459649372,0.692326645348068,-0.314448296239072,-0.000699284018619847,0.407551982090262
2.38763752353722,1.03449054922486,0.616092842739259,-1.33483590249831,-0.00106506562085757,0.41869759614444
1.97434389669346,1.06219021549809,0.696031121790083,-3.82884647378861,-0.00117192402068188,0.406276734412559
2.20613216102617,0.852930199637333,0.709138776903327,-2.19764224843906,-0.000834118258726061,0.399966157010427
2.03433124731489,0.876623005447572,0.718611069537706,-2.65635323481033,-0.00109521642938058,0.410672508026738
2.25873466136634,0.786801114566864,0.722857098725226,-1.51550338300764,-0.000900197585743603,0.374165563646003
2.02314787929213,0.992873618195004,0.613174907991844,-3.44457768129383,-0.000791413121903508,0.430056312026513
2.4090397758003,0.742349482893707,0.70171813260375,-1.19504551068601,-0.000653044785533204,0.44338341374844
2.16238997364855,0.662430707807059,0.750908626102697,-1.35036901242472,-0.000431643821499989,0.440376936725865
2.16902714972907,0.871423122112984,0.683190321243328,-1.35901299617018,-0.0011625287108943,0.45133390904504
2.16196002100361,0.719587806878128,0.739876446855139,-3.10116565310364,-0.000619023832848972,0.399283371757898
2.54412476222274,0.872752125080462,0.644863712807703,0.332700966696243,-0.0012299808540723,0.421070980469506
2.00074843487255,0.793919109254156,0.659631302521447,-1.08462412618119,-0.000757052048064199,0.363629512746544
2.04657575519365,0.650899150760431,0.753082696940166,-0.664145031728193,-0.000687829588076235,0.353380898571136
2.44932723061463,1.14141350792523,0.605092269216785,-1.39359850050219,-0.00170373539927121,0.412270861300407
1.78346227057404,0.775839696686868,0.680318462780254,-2.2196305783882,-0.00020312339923046,0.412903430298047
1.83555068866609,0.918984340176888,0.672735027442527,-1.47677607881279,-0.00112544191036174,0.439471001871226
2.22749896595579,0.697285413949127,0.715630192953002,-2.46186521013196,-0.000295458393611303,0.413822457963254
2.37287988760965,0.703661641467288,0.744318948285795,-3.81204439894744,-0.000259995313031447,0.372873679509896
2.43431154315941,0.766766095469268,0.697766238340576,-0.930842208535492,-0.0010245037499117,0.400795588211729
2.39840611003067,0.807937571043624,0.697699268385612,-0.651410510287222,-0.00125661134324824,0.411310801548885
2.09087365838408,0.802940239401577,0.725149496253307,-0.691396387874595,-0.00113040324247261,0.467006883510809
2.51588296401956,0.974678898679314,0.575218153557678,0.0967985751482197,-0.00113412089582655,0.418665851329055
2.21713779699654,0.958898970112565,0.734025425246316,-0.964238370639767,-0.00197561193649521,0.510227254315126
2.0560253060046,0.724514156649335,0.739731564199044,-1.58452488662535,-0.000942212628557329,0.369714821412974
2.18507505719622,0.94005644167337,0.680014448185186,-2.67162514222458,-0.00117143414469538,0.463102143590016
2.41226561740325,0.838099463831462,0.752371754081909,-2.50290418852926,-0.00131480782918658,0.360233774935109
2.14246365810025,0.78118198783958,0.70847113271141,-0.662461695233491,-0.00104658627103029,0.428642543275204
2.58702614844039,0.627295895200164,0.733819527373198,-1.77608774044686,-0.000384448623226324,0.425861072294174
2.18190436689368,1.01014122656847,0.652937466358082,-2.46072398228106,-0.00126107474094451,0.427047695676996
2.39048267322273,0.703573997783036,0.738234373452973,-1.63892408876711,-0.000662763038134385,0.425191573540777
2.23329718132515,1.07485448758846,0.631710049284943,-1.66575397446248,-0.00148608005593455,0.390370876861583
2.38381885869324,0.819029673254345,0.692272584200438,-2.12731521699567,-0.000661800664395047,0.406687034716226
2.91670904088628,0.710693134166965,0.768710187605571,-0.442576775561755,-0.00129732652835795,0.467433122582446
2.28092453824758,0.771062861964293,0.73109358966015,-1.90552903031596,-0.000809906156992511,0.412114593831971
2.41597851415998,0.786033406612004,0.669937793122979,0.00324425959150609,-0.00106228168577313,0.398440333713371
2.37478482864342,0.790112692100403,0.769469246310587,-0.992605440553982,-0.00149348507211628,0.402408272078484
2.33389617771883,1.00162798301924,0.633883966465505,-2.11289374570809,-0.00104921382664924,0.408553102804578
2.34274762200524,0.678919250649239,0.787777883087223,-0.660863412359521,-0.0013209223618362,0.37344327563024
2.71300608616514,0.750511994564903,0.706492995445281,-0.607866215036727,-0.000863178505101781,0.43460044550439
2.58702614844039,0.627295895200164,0.733819527373198,-1.77608774044686,-0.000384448623226324,0.425861072294174
2.34278901126334,0.837452424311835,0.675545687717564,-2.40014825063601,-0.000396344433210503,0.383644332873608
2.19617765315758,0.675126932306745,0.774626718969388,-0.414063260037925,-0.0010893908919789,0.403574205754451
2.12735903012148,0.876493042728256,0.707389826796077,-1.52683415344234,-0.00116046356095351,0.413759114348579
2.26163976465087,0.626100651197663,0.784955158396367,-1.08325419187203,-0.0010412484824031,0.399375034739805
2.39182236805279,0.683967640790709,0.7563015059346,-2.12082421256516,-0.000782677328255137,0.440617573798664
2.43496596527564,0.928766459852127,0.629552463548088,-2.51017046072375,-0.000597246068912203,0.409845006560645
2.24498148296243,0.71046127791769,0.731753666310735,-0.35749164027945,-0.0010800586060025,0.353607955798554
2.6066650081081,0.824486085074574,0.747579939652143,-2.5099609356951,-0.00112531212395888,0.417484675246246
2.38138893152147,0.665450865872484,0.741869101851237,-1.16509278294018,-0.000832505650843985,0.458148211963429
2.33746752904774,0.703617216366927,0.734901171177589,-1.12080628018612,-0.000811434255037601,0.433619866991349
2.24482637119548,0.61821294000403,0.733597680711912,-0.918048214189285,-0.00061303678345229,0.420120335993566
1.93112956364928,0.80997494398738,0.695367194752711,-2.95223162755113,-0.000624635990338966,0.428218671989848
2.54538540815514,0.943521257066923,0.676669542266984,-2.38810332326642,-0.000980136262342656,0.382389128990447
2.30311324027556,0.805017610141874,0.741372248074012,-2.09685538844762,-0.00103607114830143,0.382167127622565
2.34595284263963,0.97537401323655,0.650277298145909,-3.54385344034833,-0.000924927261473527,0.391660774483676
2.27819543146834,0.714605861569177,0.714362861139829,-4.06868930969946,6.52669768412074e-05,0.428961306332533
2.13857361092693,0.919229441349737,0.660632486749167,-2.71114591643232,-0.000889164090423585,0.44557817555709
2.2272785784148,0.668181315290863,0.742776184783277,-2.72672222868819,-0.000464610118306561,0.380777131074138
2.18725715224263,0.72077674497016,0.765449519887028,-1.85117131264205,-0.000724280516494143,0.380235414068189
2.1520541834408,0.907841180010334,0.734635279707034,-1.5107624327295,-0.00153144947271284,0.372975068876703
2.15175027300488,1.03457847930705,0.671973355865938,-2.00197288377075,-0.00168305225814566,0.385086114023349
2.35820151016308,0.872517536855612,0.709428462817742,-2.24423109398483,-0.000970337428870027,0.404720284251816
2.46810277798663,0.912635839279951,0.665295891335562,-1.08830218988237,-0.00106238363928116,0.4420614813137
2.32971429331444,0.560408306512466,0.764979931415622,-0.977554974294474,-0.000423293092531125,0.382645932609867
2.37005151159407,0.945060125774766,0.65418305378471,-1.88558848668848,-0.00115974652144789,0.419664996563753
2.04758074823526,0.854267057159771,0.694376011004116,-1.02840504720815,-0.00129816329033132,0.423852774904951
2.91029181816147,0.892262451381797,0.640534929616527,-1.88982339904777,-0.000733452320156679,0.417000988569103
2.59696052305323,0.730004382281605,0.723959946577406,-1.78420174513989,-0.000928602737287246,0.410351480324611
2.16045824854399,0.614742443594761,0.836343118368791,-0.89605945965105,-0.00101002885248476,0.358988551938761
2.2089293904304,1.00158224705732,0.645511068142713,-1.46572203402439,-0.00138693365500093,0.422531813068723
2.45557864594591,1.15940484423474,0.586846257652017,-2.86750917582734,-0.000891533592219638,0.429819486701916
2.28626767831107,0.73222551572487,0.732628709226847,-1.80120079401439,-0.000950526620289254,0.369290828312568
2.37560707205573,0.858309722139452,0.675567257024496,-2.47124196182745,-0.000947162964488847,0.430561618604412
2.23113111734384,0.885368085801087,0.698851791613398,-3.6661863530948,-0.000844546227444905,0.408946182280878
2.3451193922591,0.814872517179979,0.695363561240216,-2.01835844602214,-0.000920643872289106,0.38645261370305
2.68416902441599,0.937124704318462,0.640775412365248,-2.24106395053851,-0.000982559526887177,0.410384109027086
2.39984821176889,0.700807829523343,0.716363074447844,-1.25960239154582,-0.000518290245044471,0.45615374478587
2.3769175389788,1.01558326638326,0.678650560518226,-2.56190295269403,-0.00135063365078577,0.407540993981857
2.57612145322901,0.66568884366506,0.741015936373711,-0.0941618705039387,-0.000781337943682277,0.402919811271134
2.22683708469882,0.689829277957181,0.770942774970573,-0.399460766315353,-0.0013007290402495,0.381839687659598
2.20536721050881,0.836173700360259,0.7363903158764,-1.11849082121524,-0.00146521176630565,0.367189308281596
2.2079404292605,1.08237704895699,0.604613005825154,-1.82138584084119,-0.0010112664706466,0.383023154993999
2.28442835206843,0.802998820593854,0.703527557281992,-2.01181778830008,-0.00114373042150364,0.419205362056002
2.22084669261727,0.724255737059116,0.743852162641195,-1.64310905017301,-0.000815843294855428,0.394145704124558
2.1201788922441,0.842809387177424,0.670628299794153,-3.09641293117404,-0.000559512197646243,0.416091765457154
2.33228683087185,0.728383276241448,0.767699440763662,-2.08092347214271,-0.000928889326838652,0.365793990141494
2.33389617771883,1.00162798301924,0.633883966465505,-2.11289374570809,-0.00104921382664924,0.408553102804578
2.08889983955118,1.06860763975426,0.669383750212694,-2.5766083592692,-0.00165483122589698,0.367762449584036
2.2149054230902,1.1027348661041,0.570987037825763,-2.75463656773169,-0.000881291479666077,0.397346348812028
2.52865072543712,1.04520172434597,0.651428144403914,-1.51511696643381,-0.0016733155095224,0.414151487055395
2.09033958875987,0.6246734113708,0.782057243629257,-1.31651309328115,-0.000889890296759676,0.37780076300865
2.25059460856311,0.630357778111055,0.757190311921924,-0.0187256618304449,-0.00107124998753038,0.396365418903744
2.01431016680897,0.405272734413682,0.800302605193163,-2.10355960404236,4.93616817919998e-05,0.420903544991541
1.92115894504,0.694285245306497,0.78475563453009,-1.54867914841535,-0.000987072167513669,0.410069019059662
2.4741892941205,0.987337920677227,0.656170710061557,-4.57894585158953,-0.000880547543815919,0.405229347804484
2.46256888606865,0.514616690037582,0.826422497827321,-0.86850753101709,-0.00088960325582292,0.429886474998098
2.39438801888848,0.733472845238311,0.736323630880178,-0.539576754206527,-0.00111271594227437,0.369655284034158
2.47331680261825,0.763661232424226,0.749881671509862,-1.73487407565017,-0.000758734281880946,0.412729699062825
2.09699480772403,0.969233635436157,0.646430324964412,-3.49674821809507,-0.000721314319232988,0.464304678031547
2.26261038744106,0.59623939497555,0.7472123904833,-0.327418507270016,-0.000598707684213404,0.383103521692896
2.4242026764744,0.684676791050744,0.787308226184998,-0.796961674202102,-0.000781044993413341,0.407631410151511
2.4595140933512,0.79776211741041,0.680656757452228,0.0902996457671384,-0.000999396823619242,0.39157839720561
2.39795834873154,0.782532402142915,0.672948910939514,-0.729272584072871,-0.000518298962995153,0.39768462123074
1.96716116043621,0.594463093914244,0.768365382793476,-0.433131388816641,-0.000734431061770367,0.411013054145034
2.24577159036078,0.756418758787731,0.717803890680285,-2.40931359670105,-0.000575626863744569,0.394449181897818
1.989891768976,0.866982079324573,0.707844279328973,-2.58399188600035,-0.000876987604073692,0.389802233271088
2.59550448322643,0.692345695342455,0.76341644581891,-1.25248232572818,-0.00120845266448924,0.408758613334154
2.18192803666392,1.07353150093806,0.636945118205684,-2.78561344302628,-0.00165430796020488,0.40534310560532
2.46122599717862,0.763258936110036,0.760142490878094,-0.663584028085966,-0.0013393923399564,0.4145024666285
2.15969836868043,0.980914754989231,0.628223421405318,-3.41324666891686,-0.000702496061692183,0.396344316228107
2.20655897570008,0.971947810980212,0.654701042007635,-3.05632606986894,-0.000880330946048002,0.4210370660963
2.67821533688273,0.640346538277329,0.805350223710895,-1.63555136123809,-0.00082220867966534,0.360308113085149
2.34355485821598,0.527360546517896,0.78216734804214,-1.30321581092054,-0.000523457345064782,0.404001286647616
2.29982010582745,0.721647835625941,0.710566454915095,-0.550908379618979,-0.000867793614612505,0.432655847527243
2.03371553940061,0.671421875577382,0.719654570673074,-1.05760633731141,-0.00068277022884568,0.35407995854171
2.20975863285372,0.623539647830634,0.782830967177555,-2.92302659818467,-0.000394242395546238,0.431091282418717
2.40183265299486,1.05044679453699,0.615811901454153,-2.00085796635268,-0.00111446447181503,0.398314764102985
2.31913546824654,1.07025669180048,0.677284086521296,-1.8142125788066,-0.00182485323515283,0.416197949028611
2.29888475925118,0.526082827451545,0.811458051076762,-1.33688227088732,-0.000471932569353309,0.378226522128277
2.39336671519015,0.884069750952082,0.687938403597572,-2.18084636515657,-0.00121252178727757,0.434773576523711
2.30039663862817,1.04584710948126,0.63409933010032,-2.66490802433592,-0.00114152241436316,0.418559025905705
2.35144671742851,0.734878754178741,0.786096659826751,-0.570705197721985,-0.00144771559044896,0.419970560079393
2.47383483044167,0.898875184442867,0.682160283353946,-2.53835199056992,-0.000681895763062057,0.430094456941938
2.15579439385511,0.809576108104689,0.687555806638447,-1.55051360255828,-0.000646649750478322,0.372417867468843
2.25539129663404,0.790543165912005,0.708702759752449,-1.80311235825329,-0.000796404758945685,0.439348037258424
2.23527649821648,1.05817124391731,0.625206547442687,-4.09140365388698,-0.000750250525046128,0.39517541302516
2.42737781931106,0.937668988288518,0.669298586775945,-2.22956402228988,-0.00106684083381021,0.408171870268461
2.23727953732613,0.857050370020612,0.706394449766155,-1.01650948586039,-0.00138612331932382,0.381026944811648
2.13443626061241,0.954606265212961,0.699368754411468,-1.37144373330868,-0.00157283854173463,0.422166311641093
2.30441807217616,1.03516203792852,0.677288756909916,-0.299527893791795,-0.0019800089841627,0.397260671345182
2.12740822130509,0.825084168475554,0.689887408429505,-1.73345428052464,-0.000971962376168604,0.445657455956472
2.35718905439285,1.03210205804375,0.672132487727122,-2.85648686986511,-0.00159233737835922,0.444322324912669
2.6054832105761,0.843059367647274,0.66800833752191,-0.873037058142367,-0.00100620413967902,0.418469670112717
2.59738934578088,0.955602770814783,0.647410021486164,-3.26817397349627,-0.00103398178528854,0.432543340247338
2.3408591391963,0.82711971854881,0.687032786808131,-1.51380344290182,-0.000798664212178817,0.427489923566351
2.59985862982213,0.845812271315125,0.698935936628795,-1.86502028752177,-0.00101694706571818,0.373987508730295
2.11812099369249,0.827048659895595,0.676194323341826,-1.03631382159382,-0.000947429158984024,0.397176612523306
2.10450606352964,0.631999098294994,0.698052756461182,-2.11095152567381,8.68193625725423e-05,0.468769125458296
2.10177996592484,0.793388331393693,0.657817180279135,-2.25885977747034,-0.000515263786297122,0.400418200693671
2.14476755940891,0.979023243534518,0.687819635837969,-2.94301692660522,-0.00128264640025865,0.403616367601441
2.53014433511376,1.07056427159297,0.637025809176324,-3.13638241126243,-0.00120968946041142,0.371156642889076
2.36314932584796,0.631050064132157,0.719961475055557,-2.08949824702691,0.000101803918462046,0.399004611415023
2.45843991882603,1.04218161213565,0.670574741635011,-2.69708094082397,-0.00137308681966301,0.396665389311313
2.41231462091897,0.617992435103157,0.782072094558187,-1.67494356789991,-0.000463168322106567,0.39358980995575
2.42003833691565,0.97681724941565,0.652278693760957,-0.512106850600127,-0.00143497937283528,0.421504787075429
2.2295917819231,0.905342103444328,0.714333810252147,-2.10009117172157,-0.00140143770615677,0.41281934466132
2.43825392050913,0.526739332939024,0.767200300133673,-0.511076311349102,-0.00050071881252963,0.389064394849614
2.4500280406111,0.803550684455164,0.731094522318602,-2.5195910350608,-0.000947614500565288,0.446912232037811
2.03834421324152,0.859631972228742,0.688574413995355,-2.38410020703618,-0.000777387215521448,0.384202973271405
2.36796449794893,1.03537716430911,0.596369162529137,-1.36452809864063,-0.00112932483417837,0.437166377008434
2.37818793164235,0.680571945400819,0.793585818249038,-1.13241798288505,-0.00101566361284417,0.392410248680316
2.26971194333374,0.796915376001,0.711825086308651,-1.94472710618934,-0.000903686415650177,0.407598817373615
2.32424639655954,1.01479832929437,0.685414731988343,-0.942948081016339,-0.00178455597287568,0.396060608888925
2.25463721342362,0.967291969920023,0.665228382050169,-2.99981705131345,-0.000938877426851635,0.431685461744141
2.05699133316813,0.920843468532999,0.699102928433095,-1.49909866963303,-0.00142448188217314,0.430479781596442
2.26585891998436,0.833914356185545,0.68712128425843,-1.76335363892987,-0.00118441244377554,0.396857228993822
2.5123380094966,1.06652095816225,0.612937000894019,-3.06510239933528,-0.000969053153519886,0.42098392436165
2.39336157651951,0.632996910487092,0.770755848923636,-2.87158175510191,-0.000207018627511821,0.392301447431686
2.13276595210754,0.947441716505929,0.690415318068898,-2.39479309300304,-0.00128002976285205,0.416922704698431
2.13258048489634,1.02554665470791,0.632214673125928,-0.494189872742061,-0.00139047669717908,0.429201770709707
2.19202803818706,0.6334794366451,0.845389157847424,-2.3924005413013,-0.00120546341871656,0.408264459249712
2.04341268222593,0.789444799389656,0.724796787407683,-1.74727234770941,-0.00111439720119987,0.414381975728491
2.36038315215392,0.963416249139772,0.59289567741022,-1.22847298994027,-0.000840683808468297,0.400205702767386
2.28651226137898,0.753727648623182,0.73385053682065,-0.635827154710475,-0.00120108591983474,0.373188673334076
2.4156661924514,0.613523482889319,0.736293593273897,-0.109042138728296,-0.00072853032850825,0.396521711299497
2.31795578941522,0.857636688547411,0.720300162183192,-0.789405190984958,-0.0014031564516071,0.392267958463699
2.28488685961218,0.796951945793172,0.714925152033139,-1.53624229126966,-0.00104761995377652,0.442400160015181
2.00330432239908,0.797670429026299,0.652600585694995,-0.822537529539376,-0.000826440583754749,0.403505838061511
2.29975372993537,0.836041368242953,0.605227924729568,-1.18638143765806,-0.00038576897654369,0.465883690681946
2.37310665584701,0.755471988194665,0.726841023637152,-0.184940368858472,-0.000993898896940955,0.421277880519851
2.33640471967385,0.937411408915191,0.681387209297831,-2.43749133935553,-0.000978146219217156,0.406918314553494
2.20686749467992,0.782877175888552,0.71130307495422,-2.03961579271997,-0.000945024186257483,0.401991953814943
2.25007375083351,0.888618371594787,0.63119316904349,-1.74459044264192,-0.000974599359440644,0.377772136262985
2.22354421203473,0.935001770566337,0.691176513029135,-3.03554035936412,-0.00115725514230176,0.384611756330012
2.28814332078192,0.622360366480998,0.800086604750382,-1.69244460265185,-0.00106997601803885,0.413880228695701
2.12898713979103,0.755524847276739,0.702755287640135,0.312352713746725,-0.00128948384810681,0.415157341630461
2.24682941079783,1.07131557140146,0.620481027152388,-0.790452224100525,-0.00168859261258522,0.511126384879648
1.8335820712565,0.941700311407995,0.682070855501628,-1.09756210905246,-0.00141284905756886,0.386226458219487
2.12279992547598,0.713436440026044,0.714008616682238,-0.465620734077489,-0.000902092102926808,0.408291258118506
2.01200295043179,0.837158725530863,0.691246923569701,-2.57193717619988,-0.000669187272878016,0.391009723234711
2.4431731698601,0.673318829963188,0.767119415847076,-1.36653609183218,-0.000923210073884254,0.369824228925997
2.06364606250959,0.986774581413897,0.605786504335592,-2.16059635503315,-0.000891850876985987,0.410668668917045
2.24331906069234,0.919003294489995,0.719061587910535,-1.68827782932741,-0.00146926528974237,0.442612960148659
1.92104630794307,0.57955365957371,0.75554571060905,-1.58327977200699,-0.000228092685297959,0.404670203359497
2.31217922647794,0.857705408287872,0.665207591975074,-2.04561682734991,-0.000880538565652713,0.400219793231379
1.9592469973366,0.945369876197612,0.677938107827392,-2.70072797292051,-0.00100036245517413,0.42432208016576
2.41410064101107,0.636969066153839,0.809685147186177,-1.36731905214977,-0.000917967208086779,0.414006294814548
2.27443784153342,0.83175250848033,0.753915081552083,-1.70514755181382,-0.00136276779497411,0.39461853002944
2.50408342025042,1.07016526006657,0.644170771412286,-2.90572116984105,-0.00132094023606622,0.396916511174438
2.50983913505256,0.853303864352253,0.743924324673375,-1.77888595944176,-0.00125616672520072,0.401581785679643
2.43614123945624,1.04989275662055,0.633185610938697,-2.13267542344195,-0.00125748582718096,0.433099939963101
2.27600256470594,0.95452721133562,0.686302977157218,-1.19064922647054,-0.00154427776799292,0.375930920254568
2.35036428417099,0.741428156372302,0.709854938406848,0.238949019913922,-0.000816232014969392,0.42512473796062
2.67761958784476,1.00788431046407,0.641324257004898,-3.46513637686048,-0.000879046320170066,0.419109200956608
2.418493496848,1.26665367513335,0.608006317453713,-1.64700600732705,-0.00220671302438311,0.428524663692339
2.32065213688408,0.773240011869973,0.74563704921682,-1.13257730962677,-0.00147442081777793,0.424700990182909
2.32874521872522,1.06770541260787,0.643091378217965,-3.2843258300132,-0.00123303571514339,0.359366175402343
2.09097402015204,0.596061235375756,0.801467682786405,-1.63289069716824,-0.000761717904525514,0.356871008458514
2.1567293526101,0.596586586475267,0.805308865330062,-1.19361571851091,-0.000739121171773048,0.37826643447046
2.48011810623101,0.839045357158665,0.703824755769221,-2.18966417408018,-0.00090443813893549,0.437417426340119
2.02107927917866,1.04113676181796,0.584382399686373,-1.43444361380662,-0.00100232769661894,0.380131096136891
2.17734203862334,1.13449608145011,0.62571669327205,-1.90723606482955,-0.0017755567532117,0.418595501535944
2.30878439031055,1.06234888040165,0.671213636730184,-3.26947575580928,-0.00143780712340941,0.455037818861219
2.37044616928093,0.428717993361824,0.80682465195181,-0.406869928072286,-0.000283186433849067,0.380777493573057
2.08660922915563,0.745401226750271,0.724976069650276,-2.57615780388451,-0.000661767413471881,0.422843563480736
2.01180137699536,0.782091949512383,0.69059494586922,-2.15636811421348,-0.000706692771329866,0.406708505525286
2.4581499905487,0.78361401525761,0.701065974202894,-2.02359371320514,-0.000698745747511608,0.380339066444141
2.51390697838164,0.92270950797062,0.682818584521212,-0.878840205846955,-0.00136867450435498,0.411435237992986
2.42092447294566,0.953764560166133,0.635031653732933,-0.887616704655348,-0.000946183814407495,0.399504064520232
2.3033043865778,0.893327128016673,0.651332199622067,-3.75613406211955,-0.00029511203536327,0.434710597380909
2.437886396108,0.720688067741872,0.715965843515747,-1.8620648125262,-0.000612971003992249,0.428417043779909
2.28846207392174,0.680917024649363,0.746271553506498,-2.16925731115771,-0.000536247996835591,0.373533540425796
1.92267134922204,0.610130840146554,0.778881979710638,-2.02990530841989,-0.000385369983159339,0.38689673285418
2.40470185150281,0.936183356100448,0.706305731443729,-2.29950542152249,-0.00134521990134259,0.435194713143175
2.54043409053424,0.640086222386579,0.748545457827991,0.451060543981063,-0.000620887286917461,0.412574796033153
2.65232060015118,0.671408783633757,0.766239805145647,-0.713953056891142,-0.000812475870399613,0.427636585486212
2.31825312355187,0.633057621158677,0.780486391182343,-2.73131058512953,-0.000197846088380082,0.451372968965248
2.52476468995133,0.676176636180552,0.692176671251532,-2.58281764034083,-0.00012665712302447,0.401094979756701
2.3021838940467,0.843237990423158,0.769578512736909,-3.86543578484024,-0.000858347535332172,0.427563233564836
2.41126851042629,0.509522943263818,0.821995180289279,-0.144432451823968,-0.000708333381377897,0.389547322138488
2.2279992410524,0.863927977323189,0.657191234091065,-1.84037505876281,-0.000759798537332389,0.429200075846892
2.28423649258072,1.02985353303931,0.628103962460717,-2.07045983737393,-0.00129838396337279,0.463433953919167
2.1904116960803,0.616883330862634,0.762812722312774,-1.49493453173934,-0.000762933212639512,0.388796893623917
2.54079130815978,0.723421961098447,0.693163742726098,-2.16235170993377,-0.000342419238942598,0.386527326275629
2.30085776867305,0.641894348776256,0.796548332463914,-0.866485312530794,-0.00114071616953874,0.388857193370305
2.43108447617551,0.622809771599197,0.71995620676078,-2.05328678332609,-0.000329066127184051,0.424037526209541
2.10368922614439,0.943325529737252,0.690571537233495,-1.89642192230312,-0.00149417881567439,0.383056033671717
2.36006415149182,0.92478482061502,0.723662651071309,-3.47075847968361,-0.00125591431684233,0.39922090127382
2.29158511085319,0.913377895549208,0.732150073288708,-3.67937584252293,-0.00130033290871319,0.399400578765217
2.39936263530566,0.932389363323842,0.694245190539957,-2.71497248266051,-0.00114625477385848,0.408101428093819
2.38118852170828,0.779522686805742,0.714829464636804,-1.52708491451008,-0.00092235480349731,0.378886779504786
2.40309788989293,1.00845832653943,0.57663088304075,-0.415175702541489,-0.00113738608890049,0.418278473415515
2.42909982643485,0.847606341111774,0.73056564640387,-0.613498331971692,-0.00156840442359453,0.44940058705226
2.50005021430595,0.859427952510004,0.647649494706915,-0.846511326473934,-0.0011380975203268,0.381375827892734
2.33712013840358,0.978805456385692,0.725100695795148,-2.06589793955209,-0.00186870754871803,0.382713752855516
2.34400652100975,0.711159303200684,0.83299300480706,-1.87241998261577,-0.00151360088975328,0.386499823863556
2.19025461441453,0.654896666349309,0.726482476835404,-0.870326065623487,-0.000761155036616809,0.430693544607399
2.45627595958822,0.72986397849729,0.789692427308988,-1.36642171234217,-0.00133859538281555,0.406861561476397
2.2718745375024,0.862130798010343,0.708064773138939,-3.72777841850393,-0.000922348462751645,0.420759777503578
2.70424949906976,0.802512126247447,0.702008182543227,-2.46504151270687,-0.000644042237211507,0.422139810704747
2.28516767347686,0.845758693883086,0.744356127042521,-1.22622026645872,-0.00173273197008354,0.370269384596173
2.4149352708463,0.884914157684827,0.715615490974239,-1.02136287162382,-0.0014060999822077,0.397408171122032
2.45118264792476,0.977944785080501,0.6422702066804,-2.49901215822688,-0.000952271838335949,0.381234265655845
2.47363484328339,0.630202779143919,0.772051047318982,-1.13244111912579,-0.000805265478440854,0.419369734508439
2.34436269074887,0.742909586969678,0.783145389094531,-2.38766159334909,-0.00100835766293348,0.423730123315838
2.55924221747397,0.968176518935243,0.63477911705516,-2.40221196861158,-0.000809818486006258,0.437157164916472
2.48972904412016,0.702117447887976,0.763465384974738,-2.70302890043395,-0.00101245851190663,0.436975757526583
2.6737742799049,0.977436908125169,0.674240301305731,-1.61345476043078,-0.00129265067359312,0.41494829404369
2.02227279871915,0.66795503523002,0.765787347187017,-1.63513478541066,-0.000896631585746993,0.360025855842711
2.25636213899186,0.770778553277882,0.756272773059184,-2.47162340772624,-0.00126518519560068,0.406478143116727
2.3658953981167,0.901225332511099,0.68545130472909,-0.586771621847699,-0.00138509606960586,0.412933696621923
2.4337260234442,0.838238524697714,0.67344140116281,-1.43287488117903,-0.000821617206331399,0.368189981344428
2.19474623880504,0.70552440367605,0.77932829617251,-0.815697887209503,-0.00117744663618649,0.367708765731674
2.39897941534163,0.942121226289423,0.625538581143339,-1.96854046761869,-0.000686162901219718,0.465071091972071
2.16902714972907,0.871423122112984,0.683190321243328,-1.35901299617018,-0.0011625287108943,0.45133390904504
2.02888605622437,0.832488697595561,0.65222914401697,-1.75300949005472,-0.000609582165311678,0.453605720482281
2.05667065178199,0.680025650958693,0.752631094740907,-1.46183361243523,-0.000734358460793518,0.363422952689816
2.10058028744226,0.700178022487971,0.687712742352992,-1.09869709759019,-0.000390750748587047,0.449460571955575
1.74479766736386,0.801073329818941,0.724869319038958,-1.37384140814992,-0.00111681119724021,0.422580281081453
1.97186233609996,1.17800441809403,0.616358787929901,-2.33498932606654,-0.00161220798319257,0.452932937178426
2.21815902552394,0.693378389657609,0.684217663527862,-1.33544616482802,-0.000235175072545269,0.446379819545313
2.22749896595579,0.697285413949127,0.715630192953002,-2.46186521013196,-0.000295458393611303,0.413822457963254
2.26599681468292,0.791487959015595,0.70063627574419,-0.79251689110639,-0.00094252461604984,0.363759416698081
2.23714390349997,0.909085860500073,0.694040688692186,-3.1910462418823,-0.00102467550265085,0.444414604301711
2.2750265635321,0.670788435987891,0.764694367088667,-0.24950059615391,-0.00106227734901612,0.424453243154482
2.24874375619022,0.59227669563919,0.776441856284051,-2.32721157031133,-0.00041296620830193,0.426311350887007
1.93040926999945,0.504184437268343,0.806481796256307,-2.39164179294407,-0.000384412375535106,0.387914211737279
2.35869299167287,0.849905416188715,0.721860884282665,-0.653355538211984,-0.00117126749351361,0.393735468567219
2.24797742648478,0.685717273110415,0.794628880197426,-2.02516119236695,-0.00108055057623743,0.378287786237863
2.12643316007473,0.892362078612516,0.714181056578326,-2.52575427814368,-0.000973818545642039,0.387371857286463
2.13430727635688,0.644321381700932,0.711261487274843,-1.80268985823772,-6.99401662838971e-06,0.410180449383459
2.29264160949649,1.22111936380417,0.632349216328084,-2.83473091156552,-0.00182135852045299,0.478055267366965
2.23296700675056,0.843446575906887,0.709983245468083,-1.81696577229452,-0.00102832260109783,0.379328586137353
2.13228804414009,1.03492752697911,0.62380055392972,-2.90258443852218,-0.000915342323767007,0.400474980116869
2.55344045345126,0.624596821521707,0.769198258425659,-2.90214553623405,-0.000103623449870825,0.459982564297181
2.47304244845816,0.808090235233038,0.712361374973515,-1.39861114436061,-0.00121666915197467,0.399647629079527
2.45061901909703,0.53390109117849,0.734788100206759,-2.00407019863706,0.00027159673472254,0.38442569405688
2.28516767347686,0.845758693883086,0.744356127042521,-1.22622026645872,-0.00173273197008354,0.370269384596173
2.330038288571,0.900820051243744,0.667220736824015,-2.09192811144762,-0.00094511201252016,0.371475073131765
2.41719135408432,0.900088892867732,0.665921997246888,-0.0312041743948781,-0.00136871823035465,0.437357651351297
2.44956246353312,0.509044502393174,0.772729782018989,-0.210350736993099,-0.000441519277738565,0.40237679019499
1.93381093946236,0.756188170824004,0.768634842343491,-1.51432617826052,-0.00129872881072678,0.391792820845066
2.12615329625412,0.853989875068004,0.699051522955452,-1.2717390437127,-0.00108564042152453,0.389734033176135
2.51989987653413,0.996364489429181,0.633980645654022,-1.20453990927813,-0.00127017812836308,0.400536793213568
2.17865117761226,1.04511274822623,0.597647625961999,-1.28812062784873,-0.00103053469908263,0.420877857479711
2.45017152128013,0.924170128527549,0.684207005145608,-3.32817383719214,-0.000862495686554777,0.40758384851622
2.22403252220276,0.993115439655515,0.690048729745966,-2.37327935393872,-0.00157959461324905,0.41190283108367
2.10591800224277,0.899828679475476,0.664451072985079,-0.61060986122134,-0.00144205190991317,0.453864202648924
2.19050285538139,0.785302242246794,0.646017341351101,0.534929525815862,-0.00092195129220564,0.41085396033165
2.23904760835782,0.973236550631301,0.660381900898615,-3.29001324005972,-0.00084793347418473,0.426305640654911
2.32060545931084,0.904865698083076,0.715555810286577,-0.851855384248127,-0.00155561392933136,0.369364350015703
1.98254381087227,0.970919672861021,0.615428780965521,-2.01755403518504,-0.000822724863585596,0.385352748856345
2.35519182657526,0.6057928147874,0.756304582069667,-1.32263637060278,-0.000423436774985013,0.435104626645387
2.32728263046417,0.817663601684753,0.699476540771624,-0.659397260709099,-0.00121445139867002,0.422554318018893
2.24935286689945,1.17053275379629,0.580466807351778,-3.08243637232593,-0.000836521166914984,0.393779360483906
2.05762340721223,0.844684808625311,0.68092898100755,-2.4297352913231,-0.000854574860208106,0.435572504784727
2.41102718075177,0.770181301511613,0.750656852088715,-3.78169614456994,-0.000663780752833705,0.417641922628122
2.09868751343501,0.999533352488736,0.653700584707536,-2.57996643670432,-0.00117075547253671,0.394075274522581
2.54925339147307,0.793192024517991,0.697616617888354,-2.36334165052349,-0.000524470559545813,0.364893640014314
2.10518222729386,0.669212945813278,0.761585242420142,-2.00272631892228,-0.000805557174757928,0.369608378732867
2.04513031670776,0.964257038621076,0.721115997429698,-1.96475418168141,-0.001458777560364,0.421041831978711
2.40542195084078,0.837134759822283,0.691634130074842,-2.87474781666295,-0.000798155438373228,0.425794541358276
2.36729483033038,1.25190024081848,0.632572731116801,-3.38263455949509,-0.00204843532934997,0.434573803666413
2.3229201359808,0.534762620503113,0.842222264602702,-2.72469424691177,-0.000677735712609855,0.41903704412479
2.16537723037469,0.627230217313963,0.782691610708281,-1.06997087614878,-0.000909510092783195,0.364615486616693
2.31236771766795,0.864539994193229,0.719754375178939,-2.27412893136541,-0.0010255895431387,0.412868950681234
2.39850611209076,0.71853687265913,0.646025203469286,-0.966220422741621,0.000147462951737802,0.407683098661498
2.08249656260832,0.861324934394937,0.685611094433504,-1.26758159672215,-0.00101829729959507,0.362445875348172
2.65333904136043,0.852336057990399,0.702424835338226,-3.2337223360784,-0.00102232661645922,0.422627038688771
2.33403783372345,0.54505260663996,0.813039174524009,-1.37387658739014,-0.000741395992480814,0.373516070693875
2.07797269211269,0.866666434960826,0.686377853381174,-1.67955368155177,-0.000814874787871656,0.405605386505345
2.493967766993,0.632299395245916,0.782703189972163,-0.466364780542183,-0.00105363394677128,0.414019624439138
2.34407016809716,0.895181784432462,0.651859819933024,-1.10456822807912,-0.00101132994480951,0.395021124934194
2.47652773044417,0.753891094894914,0.713545196304256,-0.551406795410018,-0.000940780840453918,0.440499162547712
2.5913341443396,1.14370586735078,0.579090684957927,-1.76882632449972,-0.00145585171325465,0.392185520741927
2.26021621338379,0.87035548829145,0.666063481066719,-1.06254847073342,-0.000913902007319601,0.431311446322946
2.17707415841306,0.796993438898298,0.730810609972387,-1.01044381563898,-0.00136635397963963,0.403774246674102
2.14445751861065,0.934508196830605,0.619727631668114,-1.34862284643746,-0.000983693702399605,0.411319287737379
2.32360218593478,1.03948148250809,0.614220754624091,-1.97648257162544,-0.00124293048339478,0.441365610454981
2.45061901909703,0.53390109117849,0.734788100206759,-2.00407019863706,0.00027159673472254,0.38442569405688
2.68167913235162,1.08395287473922,0.597910267774922,-2.51118288649237,-0.00118367580534651,0.432051499441979
2.18743910009002,0.576574713208362,0.815788001680617,0.408099325288983,-0.00108276819148162,0.431452801801248
2.34935791423125,0.729160274212319,0.751781038766855,-2.23070972865364,-0.000728881265081378,0.388761808792735
2.02904073580517,1.01548409652042,0.621372811805389,-1.61634008903599,-0.00092239178138184,0.408095676411494
2.03981354326383,0.787738201916966,0.677248068855785,-1.11661026829583,-0.000761022973498818,0.397618256308693
2.20686749467992,0.782877175888552,0.71130307495422,-2.03961579271997,-0.000945024186257483,0.401991953814943
2.13966848468956,0.709684151552168,0.712475691526478,-2.0714243148548,-0.000553709026377423,0.381329032975283
2.07951871543117,0.809675481089674,0.687555964120214,-2.32212000375385,-0.000537254683586565,0.375672501339476
2.06333717596376,0.883912452024648,0.707567047588396,-2.92730241920038,-0.000914507150836828,0.397054064325945
2.4643549877704,0.83957597179803,0.687075840948417,-0.452445295963675,-0.00137987125378515,0.396227715838428
2.26152888331145,0.756468356684215,0.73322234336311,-2.15102587358464,-0.000632341203880431,0.45176591963879
2.32481016859889,0.815797807971708,0.728626391430416,-1.42462952325217,-0.00112910103500019,0.408064803751666
2.26420493180186,0.885698818319574,0.706323813748181,-1.28863900452288,-0.00144320032117062,0.43102175117785
2.30550068321391,0.788903475658,0.700063919499832,-0.437075949030566,-0.00106461034513285,0.421901751469763
2.34181091894282,0.721915339232558,0.727397084062744,-1.83683823871982,-0.000578090623672338,0.397535157412868
2.00791263896983,0.915965779530944,0.693362854529651,-2.08756380180422,-0.00139413194802252,0.464448361252365
2.30717739842281,0.620062039748738,0.780042519407724,-3.5933718481429e-05,-0.00103865382008089,0.421464052478108
2.61834068866181,0.751727700389312,0.753389702406722,-1.2056686877324,-0.00116524273364732,0.425765797078235
2.55331263936105,0.705714312092482,0.71409677082118,-1.12907778285329,-0.00101718104232512,0.41138239554352
2.41124635204929,0.817410377453173,0.711247560490393,-2.38661467201838,-0.000742353944982093,0.416082879310401
2.18235403906529,0.817015740809036,0.70428034515851,-2.2760032848629,-0.000626586531010851,0.364185943141941
2.55096471511221,0.962498988525147,0.6719028407962,-2.58233164518175,-0.000830243643302353,0.415012542005872
