"V1","V2","V3","V4","V5"
2.11585774778438,0.169427089869717,-3.30411980780818,-0.00271183108602272,0.450842462871122
1.54221421624585,0.465479585375911,-5.24465019170729,-0.00226347653250279,0.531531948377533
1.39339852347751,0.536508663572205,-4.34585152026783,-0.00217011928894834,0.438159299766293
1.83897326019594,0.312325397885619,-2.46959350331149,-0.00241138024475916,0.506710714267929
1.94739684823486,0.232642085859462,-3.75318166826293,-0.0023024193857884,0.485797569974741
2.10972334728601,0.248597736277812,-4.58408379019657,-0.0031896536024986,0.41762981889856
1.79998677125658,0.375602583447619,-2.88005443117591,-0.00252280822427989,0.436182269332308
1.97620891732966,0.151026092979323,-1.58499529801026,-0.00222715990166102,0.461278008485441
1.41940252585577,0.511316503977735,-1.39078035562621,-0.0025403549649541,0.402618107335714
1.57954734348601,0.401561082843723,-0.865403578257426,-0.00273673103403596,0.487258123998979
1.75366866998267,0.425998067195877,-1.42080317984791,-0.00286505742784722,0.457604393357887
1.62409515054454,0.393260864066901,-2.70520892416439,-0.00214296645804629,0.395520453892125
1.37793644699586,0.436214768561403,-4.02261326855308,-0.00121161005494696,0.451092195885982
1.42993548260315,0.566217390067767,-2.56586500777684,-0.00302410773490159,0.460780542791724
1.78188594623658,0.461810563162361,-3.76850588582345,-0.00360277746327559,0.462799928125613
1.25120675764707,0.543441267279434,0.0358994737920045,-0.0026253417555564,0.506770324902249
1.42552108721522,0.399863939732984,-2.30182998790307,-0.00171106207872742,0.461701793476328
1.92996449015527,0.392942827309869,-2.1466436911039,-0.00350864300356192,0.451194062566138
1.71250068942951,0.307721831463523,-1.18673252128315,-0.00203441817573906,0.498988511483826
1.24065189581051,0.452587568069805,-4.02675269038365,-0.000663164131418708,0.462021514437506
1.41299329168689,0.610782387253763,-3.81317959655257,-0.00319746552545362,0.482034821756057
1.57292425404623,0.264857638052755,-1.07786168721074,-0.0013035023290291,0.456346385257829
1.249291357779,0.436942537467639,-0.78918188906518,-0.00156228054720366,0.473870131699704
1.71715232089254,0.254363972313517,0.37219267009411,-0.00229903230893269,0.491320833627878
2.24234634299561,0.174078440869271,-2.69255694333471,-0.00320193007780446,0.466891718873121
1.64695235868319,0.153881503315841,-2.3165678903883,-0.0010906200295402,0.510567345984975
1.95919073577585,0.300653871768817,-3.89000756383966,-0.00285518671098438,0.398559418474482
1.0071501407538,0.501241608838935,1.28577084873415,-0.00087832176404328,0.529456599126712
1.52477249075509,0.478288521608627,-6.54017149217844,-0.00204723327785526,0.447034599089542
1.89242739874651,0.32471900339,-4.07441866186842,-0.00290230299009916,0.51246907057097
1.60089240370927,0.268910723656141,0.19796512518748,-0.00192870285318208,0.496902114922182
1.58401370778682,0.432418653334833,-2.05274757166738,-0.00250656627552886,0.453865012772712
1.69996862803022,0.361358289296409,-1.79966378624142,-0.00291700399091501,0.521665375799434
1.39414957158504,0.47306502917104,-4.57580483490229,-0.00174724293874657,0.566479478727009
1.82583049590833,0.312149747361366,-4.70185517512537,-0.00219564661025894,0.455716795941722
1.12024277312752,0.588528162876173,-1.09986418710973,-0.00216067491232592,0.497926404567728
1.71635413868319,0.372866757551138,-2.02484292576168,-0.00279240174195781,0.435655193995746
1.22416877471422,0.581221573579478,-0.686686708532197,-0.00240292474991657,0.418455832864824
1.4878437617597,0.407897987443349,-4.71335868379789,-0.00137766627182881,0.544088451325943
1.55720635395115,0.331781076493301,-0.203267557653386,-0.00175585302558771,0.448097626715833
1.6844319661101,0.36855291649782,-0.424085471844977,-0.00305883442963322,0.496392320936416
1.83931431703217,0.366503238378759,-4.72590397094107,-0.00267020721466195,0.494802061291031
1.26155931071785,0.437325250631735,-3.22948886744383,-0.000732462171866324,0.459704569788533
2.0889691291594,0.34358669343757,-1.88331073394922,-0.00369965142073358,0.409015044325862
1.50866294281147,0.542451697371824,-1.26842069683366,-0.00302668223733608,0.48212422236657
1.98440827176487,0.260248981851196,-4.37529330702123,-0.00256962250203159,0.446597972755028
1.37187326608995,0.490129445138146,-4.5374881931259,-0.00164430893325615,0.449080611040919
2.04695262270118,0.296587535968429,-2.79316455913819,-0.00332165203891943,0.418593410669872
1.6433519471768,0.389680677627745,-4.65664635395145,-0.00162121380103053,0.453774125788523
2.28483076150021,0.186013845986682,-2.66067800607166,-0.00367884659880693,0.536431106643676
1.77187389863554,0.382753494471832,-1.25608276811191,-0.00286690626117507,0.516001180040682
1.93546469192779,0.324132652891604,-2.50785971097293,-0.00324931365520562,0.445861890360009
2.06105146221447,0.353907697284178,-0.68759714878499,-0.00408416948446026,0.463457058348269
1.95787896936077,0.34397376617525,-6.34849315296787,-0.00297329095384931,0.507130409144708
1.00758275602051,0.581507944481436,-0.399810576872658,-0.000806543308607559,0.49445038071262
1.68068968985938,0.451404132936147,-5.19681409918675,-0.0018584363264081,0.465210470860531
1.63437819043004,0.431386061316486,-0.826162975518174,-0.0031021009053238,0.43930781981204
1.33508014270823,0.542061620414516,-1.61445119535464,-0.00219688312050881,0.461820373993539
1.5532137609132,0.419020594345123,-5.32516725237083,-0.00178632672840856,0.514615418440518
1.35948861320122,0.461946683370281,-3.01979002268404,-0.00145841115867571,0.457809920832682
1.46088980434025,0.500261111155326,1.59987949809981,-0.00335421335952227,0.47967833091115
1.852259538338,0.342431694523884,-0.0492704555644001,-0.00358791649423845,0.517994420976611
1.33465715463633,0.399917125105925,-3.30620467216569,-0.00118054018633329,0.440723652669325
1.69722218631405,0.29134926758015,-0.633466716905374,-0.00244301298211943,0.484482262140484
1.5771251326967,0.336821609891345,-3.1039104767514,-0.00173399536330513,0.454496256423243
1.28220791661476,0.472909367298042,-3.57459694874167,-0.00192509126663935,0.525671798127742
1.2792392429204,0.547411372764991,-0.851967812046156,-0.00281353651564719,0.529089172798572
1.92376871732074,0.100115939108215,-6.12951129728727,-0.000304859419337037,0.600059623177533
1.59723185629988,0.380486324921003,-0.668496987830609,-0.00286353921741656,0.469287678633342
1.18982102510108,0.523730747160714,-4.73100838823757,-0.00118773770464856,0.49369025370241
1.45715441568038,0.456769173221223,-2.05406570895051,-0.00239661117309491,0.369401239869561
1.10774197344917,0.598173090559436,-1.35529189324361,-0.0020013574413564,0.504475700907488
1.32814073964594,0.484911050321877,-2.48472257673595,-0.0017082943889385,0.403695011528329
1.68818170588754,0.34016980579556,-0.425947008951538,-0.00258842002031777,0.50238111266054
1.71994800971123,0.340544884476504,-3.01226591022551,-0.00262164419923753,0.468677047896547
1.96527986850619,0.29906978543729,-3.23876466699419,-0.00318057054754637,0.443369120616083
1.27331644644048,0.51165176787784,-1.44981432831415,-0.00208034667500632,0.441719785300227
1.34738225700012,0.456994213613801,0.497377342735658,-0.00233203898937429,0.467613460843797
1.83014251367847,0.341228713675931,-4.34057284285124,-0.00248667286605836,0.430435121513833
1.03316075108294,0.501136412581666,-2.13525951886037,-0.000964005337797891,0.445199924878217
1.73991243275794,0.45354371146962,-2.8343992432608,-0.00303801274025158,0.511827729206622
1.53560736974542,0.441994582452571,-0.344705281984178,-0.00223266053927209,0.471288455036791
1.43488403889663,0.438220747322401,1.44659919685592,-0.00267992393824995,0.487235469842658
2.01515491828551,0.261606673990751,-3.62384008951341,-0.00315849818121464,0.551432042475804
1.26715128967769,0.533447091511372,-2.00342691011654,-0.00151421478142998,0.52438901811054
1.89252092943606,0.331558183033553,-2.64007681502237,-0.00278443493845182,0.532786536531325
1.53690142204564,0.478451815662993,0.611246494495641,-0.00325785592326072,0.495344078030804
1.22197107318549,0.512514812312603,-1.36528536311047,-0.00175278564402735,0.530501253111019
1.96020600539473,0.25455084456681,-3.59800433668482,-0.00246184017785439,0.487466344888002
1.63263914188506,0.46494561653182,-3.9411126110194,-0.0024061126037103,0.490491212766537
2.24567768970237,0.169021645711855,-2.94836822885771,-0.00328733499072261,0.549148014094678
1.61410214841831,0.437365122837144,-1.31560972944102,-0.0028862810957643,0.495676138740611
1.52935903785991,0.421582907720017,-0.736925283847492,-0.00204373007087831,0.534811976111542
1.72470023023726,0.339758462409321,-2.84641084747933,-0.0026604834258928,0.384279069328382
1.56868028365313,0.316117207757344,-2.27016979997709,-0.00171669336805288,0.456632097578048
1.78397028453982,0.283118004908533,-3.9070254860634,-0.00266713489082632,0.512450779643071
1.58302837587405,0.485839820712289,-3.2555878522418,-0.00224958194585232,0.514194008806373
1.60733520214794,0.37212934487687,-3.11298779545015,-0.00223117642799407,0.500302965833633
2.12009718815035,0.228939185390442,-0.470815726244008,-0.00373054023321028,0.413998653371237
1.64601459462965,0.377957744744848,-3.58472095493694,-0.00207290672974221,0.463802827323887
1.52219891133452,0.390848643777667,-1.97907072162441,-0.00185327032642316,0.526712416723285
1.72054530615744,0.360242973621644,-3.56128182093599,-0.00170854352501304,0.516037251066507
1.29414298120804,0.489239286074854,-3.22706038938459,-0.00145465963374163,0.480538228922656
2.23359941680058,0.4000736591813,-5.30312090831222,-0.00415449823340801,0.518170818049736
1.19820110094345,0.541716267198219,-5.62866913868573,-0.0010293220214876,0.48626982185554
1.3191735828736,0.4604471432875,-1.31974967877962,-0.00140288844732203,0.534497381325104
1.93928411851567,0.269499018181766,-3.38078785173977,-0.00234479500245501,0.423168927795839
1.82475690183823,0.460681636252116,-3.09887629230383,-0.00330813559565344,0.456703595679708
1.91895694036488,0.375509156753071,-2.88357374797555,-0.00372689060839749,0.448102883893408
1.2587610344794,0.432680315567351,-3.10454425265292,-0.00111985068934156,0.533432553541281
1.3781424131494,0.418133502289658,-3.69461886882795,-0.00148567596031784,0.487293847298982
1.4151725862594,0.465920887927851,-3.74196701977735,-0.0016857458605729,0.418683067307072
1.74715822490873,0.454849268602779,-2.48710409200095,-0.00354054936333445,0.435305526346023
1.31942466925961,0.384900222475569,-1.43420877024373,-0.000765813610365792,0.520727492008798
1.213553085129,0.553026043592545,-3.32146133385164,-0.00179586042395679,0.47077387823089
2.07269080430773,0.326332381494416,-3.4190851309069,-0.00376432819887426,0.444927383593265
1.67933129870711,0.378536788170955,-2.55891017913826,-0.00261349124124568,0.463812317909555
1.56119312884711,0.524522535287044,-1.35436317953319,-0.0030349597803662,0.505229673731649
1.94141628537081,0.19451890565229,-3.199834774633,-0.00200585708009039,0.430201935549341
1.26250378709235,0.531209251645024,-4.07324288139062,-0.0012578322589983,0.492995641110468
1.4056768148286,0.43109221532399,-1.54699190028491,-0.00205401585346499,0.525926527924273
1.70686204239992,0.384166970163423,0.0108805858453073,-0.00313090356312727,0.436240458226918
1.52808251919748,0.484084570491929,-3.77411558656017,-0.00258848344228026,0.445819507074427
1.58307171230333,0.361408812942971,-1.67918263487381,-0.00226162999591488,0.428802668041278
1.56143354049669,0.386694651965298,-0.569903565095104,-0.00207960548723587,0.435421995769843
1.61313355661255,0.448670043913147,-0.0269213775099755,-0.00278159728830041,0.454821832107397
1.54750936917607,0.468646475260754,-4.1523606123662,-0.00222122772996728,0.424586816663111
1.191706815388,0.419045734352464,-0.664016400276824,-0.00095516685801907,0.581384226932782
2.29560113928338,0.22731498335457,-4.33582294023096,-0.00354516052169162,0.498192121164093
1.62316781406725,0.381725220375753,-3.79325401063647,-0.00178107526424274,0.534222976227458
1.27789953848788,0.531292670967331,-3.93983330142316,-0.00150839384395113,0.472412486899324
1.44233773058349,0.488356600016358,-2.58702428171403,-0.00258493327461063,0.488689212581828
1.5494729380428,0.34461152264251,-4.53786979397267,-0.0013777895487044,0.458264079034008
1.36220199988621,0.503459185224519,-0.461284391536074,-0.00257396091249141,0.394010704913221
1.77111960571308,0.244497118416406,-3.33908823674762,-0.00197734601687288,0.485314395630532
1.58825100460499,0.454838948567477,-0.876838669167748,-0.00330435110323186,0.439512823733849
1.52279165048478,0.378026858887842,-1.65841537907349,-0.0020614689079737,0.506007598038978
1.26208199777365,0.513328691328843,0.462214436310138,-0.00242441314602934,0.427804911553991
1.83004888519394,0.32629814053984,-1.90084770445697,-0.00294224061546986,0.465359214231528
1.53447439068315,0.45902382587406,-3.24190779361832,-0.00213135378518821,0.491293720049601
1.53809713511707,0.510641834472524,-2.23709409800317,-0.00257881610344745,0.471945537052978
1.38827849587497,0.361221674662786,-1.64739598085359,-0.00156020981838358,0.452989746776607
1.55309747627921,0.396813916453281,-3.11701894155473,-0.00200078134841463,0.483663918621215
1.43458741794066,0.33946494036194,-1.67551921994462,-0.00143333424326143,0.404692858262774
1.20824455379055,0.543088948626429,-3.18445116560196,-0.00177000695863718,0.475086612824141
1.73465046705211,0.376851662121005,-5.11131349210651,-0.00230489648484516,0.424693182152349
1.8783903034525,0.416945211777815,-2.65075208460467,-0.00319545802096735,0.476220995426351
1.22318103772532,0.55973057294485,-3.70720406223951,-0.00157215399441681,0.502728092931753
1.42380086468684,0.439365010778467,-2.71435820573596,-0.00197808079926426,0.471026281633329
1.73962021551914,0.373664860521374,-2.92041084556318,-0.00231276655964878,0.490354481463461
1.86240681164157,0.330326942006524,-5.97445018833731,-0.00217710839883659,0.541908079913704
2.34878958140414,0.181961816729747,-5.85289494926622,-0.00319326312588701,0.431964096959948
1.61070980517345,0.45871288688221,-4.12277405359687,-0.00213471375901779,0.513592768428704
1.27657982489822,0.373832297027209,-2.36355708571854,-0.000324068014337962,0.573040352590072
1.48805838313538,0.417164621165508,-3.03143112810076,-0.00182706229377491,0.506165561005665
1.67349696312469,0.417506957588419,-2.07458834891948,-0.00276138184755854,0.437916945517321
1.85629418049874,0.290473702067951,-6.13579715418974,-0.0018795030034228,0.496261549352948
2.03515804117128,0.265631470076696,-4.17323306109533,-0.00278322906341389,0.433086360210241
1.38310898844515,0.606513409118187,-4.26011852083705,-0.00252707775174469,0.508080193100292
1.79133781159098,0.328293820543075,-2.56548611496182,-0.00265717680043069,0.451153685130289
1.5676731839069,0.515654340238796,-1.05752095049224,-0.0030848998063832,0.417460587772196
1.89170163219646,0.2221660900393,-3.79499426188323,-0.00209959484061348,0.475105093261318
2.15520764959381,0.338406151747238,-3.95009010195792,-0.00413220992089121,0.457014453962762
1.80183177734018,0.468260593815263,-4.27884406771407,-0.00328610408545519,0.500230648086099
1.6524326800774,0.441129141753039,-0.726057450003029,-0.00376781168522529,0.523150694476947
1.72898852730251,0.359586349874545,-1.08339111296233,-0.00309010118142993,0.508551554876065
1.67511179394675,0.361014694360085,-2.16770374809079,-0.00245323146976766,0.389077631897032
1.56085882955737,0.296617125605584,-2.17025441045543,-0.00155784705330611,0.45121572053207
1.7671392940692,0.37820648975847,-4.35713470535577,-0.00242322722934893,0.511813829498738
1.92088624031309,0.340809190662353,-5.02206961611203,-0.00238387627769067,0.485028912832172
1.4224757057111,0.39330559996418,-2.56647679414289,-0.00186084833135641,0.512305896355096
1.59256794956759,0.26201027844093,-2.92965606378184,-0.00126619778655343,0.559787451115684
1.08436934075291,0.512709766741762,-0.34490031266834,-0.00139036235355958,0.448357505752349
1.68975592816308,0.330135460594676,-2.30937816720006,-0.002112301593988,0.58077883193785
1.89252092943606,0.331558183033553,-2.64007681502237,-0.00278443493845182,0.532786536531325
2.13699705233061,0.227891344844141,-3.6944316375648,-0.00324441048338675,0.499448935100955
1.54930069502182,0.424875050363333,0.233130109686788,-0.00301877730073129,0.471066382505795
1.47934297536013,0.494168837393803,-5.52185425860824,-0.00217483300863033,0.457578530580105
1.56870834828456,0.456524771179022,-2.29537203759839,-0.00303226263901607,0.440394952885157
1.14791345302259,0.560298620183195,0.115984979707427,-0.00162185859762715,0.43393814807998
1.38024648680007,0.433847379510755,-0.512147648668266,-0.00192583783962397,0.532976480201519
1.52565633911415,0.458550798564008,-0.749320191535659,-0.0024555700004218,0.494868691286772
1.51089430414396,0.485321723430994,-2.03332671520142,-0.00263620971351389,0.469664879008543
2.08450821632331,0.304403207005054,0.138923657016524,-0.00378593293926538,0.530556264322082
1.60131163544068,0.259482397914073,-2.76410956746939,-0.00135062207216144,0.474774237275498
1.60282362913798,0.413079651120626,0.392851507480101,-0.00341916625566146,0.447419233555082
1.48539038711118,0.385043857023514,-0.745432860044263,-0.00224161345094713,0.494603921182964
2.03928588362464,0.197542204426363,-2.58304297709068,-0.00254498403533262,0.493180523587198
1.49015909305438,0.410878730820044,-2.23872668879468,-0.00209855074524966,0.438009002991768
1.36216011827604,0.426638050926982,-3.88171594322742,-0.00148091040852533,0.449140508825879
2.10755355324176,0.170081909547977,-4.39395897147907,-0.00257966893205884,0.48755335153243
1.62022419301554,0.358364814486876,-0.321845574497876,-0.00306801448721204,0.455835500213201
1.53589567507267,0.493361720314739,-1.89224318426298,-0.00292109993159669,0.524766586313116
1.78487089915001,0.345133260511216,-2.85351259267019,-0.00267397161465348,0.477794453098043
1.73601558806689,0.478045026193362,-2.52793584236094,-0.00354681458192803,0.46687386897646
1.4757509734323,0.452578695443871,-2.96950100263426,-0.00216112622896015,0.505346901512115
1.23594317325403,0.425217658070114,-0.579229137195963,-0.00126029127991204,0.438504593132292
1.84437169257597,0.361641466694026,-3.22299670663034,-0.00278163917349558,0.459083360310286
1.45563138578697,0.508936180196144,-2.84694755110406,-0.00260176317626174,0.523341595327084
1.66892227033481,0.359291566896049,-1.14474533899252,-0.0024957538724868,0.401236834640413
1.72952189411717,0.33700183295058,-3.31604925823699,-0.00227592062010435,0.411647755235152
1.97551619859172,0.389075189918591,-3.18561737594814,-0.00331577856897427,0.460337468099405
1.33947666863368,0.419155188264111,-0.188226758986331,-0.00186356435941947,0.429309641737447
1.38871658078132,0.337064802373987,-6.49413173732846,-0.000685604707243508,0.510077108772496
1.65890643379185,0.441785610490007,-0.516640027650692,-0.0032001686515589,0.450809743762846
1.66281756395655,0.452236175880596,-1.92539764539939,-0.00322392363732476,0.470787981505207
1.54976853301805,0.321080717183808,-0.896609334607104,-0.00169675595139088,0.507463028467079
1.54976853301805,0.321080717183808,-0.896609334607104,-0.00169675595139088,0.507463028467079
1.2690468364238,0.673688268009737,-3.98919439447682,-0.00278377294454071,0.4750212426171
1.56701774937179,0.435523761450923,-1.86995143440583,-0.00268026597129334,0.45605962613348
1.33894076758366,0.433807102109444,-1.61795025025483,-0.00211026713299108,0.498953296191093
1.42902823798814,0.486338647319211,-2.74761211332482,-0.00209401594730333,0.504965304608858
1.94437132604539,0.291247227680415,-0.267364340782718,-0.00295392613530189,0.507927419936828
1.23536710752637,0.495434325312605,0.71191230434631,-0.00214940954153213,0.485212600439262
1.65203902681366,0.489913640290537,-0.421976370554421,-0.00357014586133823,0.433090380726446
1.59599332045952,0.420277083209691,-2.04758522797089,-0.00313080939012194,0.48182750720294
1.58755868840342,0.450551888386872,-1.18635047372414,-0.00301308451875417,0.483603905576965
1.39442661641318,0.387794412816615,-0.519182261740526,-0.00151840397323925,0.435780042932909
2.36706840741084,0.162447311205308,-3.40904751025187,-0.00380078510263141,0.61011621503408
1.39270427008469,0.521441171076484,-0.239423228185607,-0.00283278007463259,0.518693872662392
2.01871752514537,0.310348875496961,-5.35221388931121,-0.00275741511631809,0.427654341761563
1.4110962538384,0.415416220914649,-1.00871583581443,-0.00162792185114348,0.447560783858902
1.23258491695774,0.404348190537013,-1.54789028642595,-0.000755725260832994,0.514403982039554
1.37148549480497,0.437449456979242,-2.35348693479022,-0.00155898245176413,0.444623125791208
1.80569411804015,0.452712262372742,-1.88084404597634,-0.00363932945436736,0.520908793146964
1.94739684823486,0.232642085859462,-3.75318166826293,-0.0023024193857884,0.485797569974741
1.7599097032582,0.352288077408898,-3.13639680600519,-0.00266387722141597,0.504058801042509
1.48734315861931,0.39031938687462,-3.05789541198233,-0.00196330765560978,0.423424297658823
1.32379201377692,0.428394116850955,-4.56357701324225,-0.000455421923986857,0.490332037949216
1.40896601831343,0.533760238835493,-1.38982857630535,-0.00274699902245979,0.510125892994045
2.17294615169591,0.307511754030721,-4.79655296567248,-0.00379216741085185,0.484877848372355
1.75391802618207,0.353277322405794,-5.98673045361093,-0.0021119503305265,0.463360916960319
1.28874061619642,0.578593614293323,-3.27850031017211,-0.00243722475323186,0.534546817976473
1.9431173420502,0.32264247546468,-2.08203384306291,-0.00326942361741212,0.497952428861425
1.1734745502264,0.487992183604716,-2.31326478272693,-0.000950238745738815,0.468063387159927
2.35996507665687,0.287502780249041,-5.48593613537008,-0.00411478093297312,0.462605716284319
1.79983225392927,0.393474165162938,-5.363824053771,-0.00237341571202605,0.530605647573556
1.89438368820837,0.373993352211175,-3.51986249141981,-0.0032254421733299,0.53064491327142
1.4325111671479,0.67023229774214,-0.694852833331151,-0.00381652945337743,0.526868168540191
1.77310226978132,0.358959415943293,-4.97303805014348,-0.00226833630503206,0.429014938681726
1.92538567950288,0.219954846521596,-1.24081719288474,-0.00264655680393671,0.539766732220359
1.2837963090704,0.566321083689637,-1.65224115367586,-0.00257642152639992,0.436153853068697
1.40642065584527,0.567109880424149,-2.52564906429084,-0.00282547230559797,0.511661237714491
2.04979856074859,0.283469464045355,-2.21493666750268,-0.00357188987155997,0.49260026779716
1.41027070058865,0.478295917023995,-0.579788903439254,-0.00216267549682292,0.53418234589215
1.81316628720126,0.26497244684881,-0.836406445947913,-0.00247114373548741,0.45360259670982
1.32032854447044,0.478835456103556,1.9035308339353,-0.00258902377207647,0.48530276264144
2.07280037826553,0.353784801986827,-2.96309232491494,-0.0037997135041035,0.434321998756156
1.76067172053151,0.361996401391337,-4.22234811758357,-0.00228216976464082,0.458744323096956
1.50988011618275,0.407804272605003,-2.84675595325715,-0.00190480798480136,0.449699843997887
1.8893299484399,0.310892426339471,-2.17059289959438,-0.0026182948638883,0.45167828693731
1.8288444148035,0.412667810443331,-2.31662423154784,-0.00355699266534304,0.50624486087489
1.43364705438451,0.488007997573138,-0.88340101275748,-0.00267911039511001,0.447643267413863
1.62064559523426,0.381033700092272,-1.42904194819623,-0.00227962340685694,0.443281571970499
1.65740010908694,0.299221892484599,-2.08400631340964,-0.00171366308153415,0.494969386010612
2.10495823332294,0.290487888075949,-5.86318241310844,-0.00277239635856517,0.522192502891044
1.45251004177677,0.565064341429915,-2.81269531171347,-0.00277903250581688,0.447762980110696
1.79133781159098,0.328293820543075,-2.56548611496182,-0.00265717680043069,0.451153685130289
1.84709744509526,0.292952461644472,-1.10415203673878,-0.00281303430924903,0.54335021613457
1.36381506765648,0.451237141552667,-3.75862584323296,-0.00146530903531808,0.527159324012807
1.38626453249357,0.417288192831987,1.55757069572696,-0.00232900791076538,0.47831806470925
1.88656994978827,0.304818099408074,-1.4916556737465,-0.0026568497673471,0.451748259207085
1.71569701240388,0.348727845658296,-4.90658797209458,-0.00183978766735137,0.457810925591501
1.72226818571808,0.409393620234376,-4.59193720966427,-0.00198210276478844,0.503918152727663
2.12048060247006,0.164723315422716,-5.86830313414752,-0.00240890421281258,0.471597336036758
1.74282773854609,0.348957065167313,-3.94870973544382,-0.00232835064858481,0.408892493868878
1.54838269399846,0.348757245776883,-1.28557607144545,-0.00225791410760337,0.432531525383018
1.47205741282069,0.427820395175,-4.17459130078559,-0.00179578972247102,0.43492471944637
2.11629783224514,0.1722182326891,0.142627686381303,-0.00315613528251383,0.515737929692327
1.80207376993358,0.310965147937593,-6.63092162101166,-0.00176942620413737,0.429261667367065
1.63561339882703,0.388941081312778,-3.80688870894497,-0.00228208009587196,0.495827377906193
2.08988566849061,0.252071615582789,-4.60240653372183,-0.00256872658783341,0.504816894655865
1.48242215136226,0.522579958504779,-2.94202717558523,-0.0026989646286817,0.462287715141017
1.7671081005236,0.18663557895254,-1.71879692173733,-0.00146666125603741,0.479655597591958
1.93855900381997,0.334266050263942,-2.92372741219158,-0.00351647706773328,0.474776202843021
1.94982484495504,0.332527556946941,-0.729406789077557,-0.00343043141928717,0.492563873434301
1.52914277364648,0.394152265913766,-1.0884702119651,-0.00218627038893687,0.433683437876905
1.65192570828236,0.38642074774242,-0.820989240159842,-0.00254998914449101,0.599986614945587
1.49576917013204,0.390073381892524,-2.20370203405833,-0.00169695790826319,0.415748608917441
1.56628353407593,0.516763872307757,-4.49565877727507,-0.00284042119262119,0.460321607031666
1.99122336870639,0.292478364390367,-5.24403872794884,-0.00262532424390623,0.483066847253216
1.69121510309491,0.458929186521478,-3.10151771717341,-0.00268231536122524,0.445426146132015
2.28325307644837,0.284267990927204,-7.46107460054491,-0.00347398636571144,0.539356002585364
1.42404796917678,0.500375983370538,-3.67986528940956,-0.00192048980457213,0.420866307571717
1.63344737482312,0.47922208444699,-4.05687854187888,-0.00243842035978295,0.469640755039893
1.2849552256922,0.550566453065495,-2.25153040449992,-0.00214032597710948,0.510051965804634
1.64387250520101,0.382241772956858,-0.987351274314238,-0.00282167383201883,0.437703552638882
1.45346944396925,0.504763430564304,-3.30930272110619,-0.0025665260122452,0.481086862643734
1.7911415332974,0.367109284422654,-1.26170741646104,-0.00292751089685219,0.509315830518134
1.37258836118465,0.475608041939809,-1.27462868942652,-0.0022282042260762,0.405773963213509
1.16124040002331,0.516068042649335,-2.90891221930827,-0.00123716165126842,0.471197936359289
1.51295473364504,0.335038899763568,0.252914861955292,-0.00204670957344397,0.500160968480246
1.437339432357,0.472945200844738,-1.10551827371878,-0.00224914091950411,0.456818390580729
1.56769824971432,0.438241819705136,-3.22408669265487,-0.00240241245533474,0.522312311411005
2.07096530895278,0.192370891377167,-0.792458876813338,-0.00336651116244532,0.458838616393545
1.72160325414577,0.27319206564138,-0.927337756218279,-0.00244954420503837,0.433222719970149
1.92727573730154,0.364989401431193,-1.39652447784573,-0.00384361049512659,0.495455215241831
1.42424016882337,0.514280274418391,-1.03413840287434,-0.00272924540640103,0.590134339409096
1.4407112240146,0.418084151201843,-5.06675719614371,-0.00150467441261522,0.510382843305187
1.2053590992425,0.441828825367629,-1.41298810875885,-0.00133177985164058,0.433466672972421
2.2049033904083,0.222103981894811,-3.02049945619438,-0.00324740073958616,0.505222927049421
1.87276203518051,0.274388576035768,-3.1460904943116,-0.00213609330520415,0.49609364482065
1.63289905764631,0.386462686812354,-1.7700840222478,-0.00219173298455094,0.484946301314249
2.01169798310808,0.290364467840062,-4.87971878904359,-0.00272742662406821,0.46305552336045
1.71483438230246,0.437532654796247,-4.2044753072498,-0.00254688752995504,0.480604030985204
1.51198735616685,0.456199808087654,-3.37893929409407,-0.00241288236858761,0.406540712962662
0.948443803478512,0.674073173678649,-1.23496879486477,-0.00155462705021207,0.568803542964811
0.892858653754805,0.547988707046577,-5.41806054708336,0.000137120980940778,0.54702965800472
1.6540915716497,0.389282133104346,-3.70210134563935,-0.00239075286182544,0.445308008486099
1.53683929309875,0.398682104859068,-3.61653657169932,-0.00179808409456851,0.450363364584347
1.20057833596525,0.600357043587111,-2.55776343167908,-0.00208065230255722,0.492772119254803
1.47744175849972,0.407388213599033,-0.829428604653217,-0.00241847875542536,0.43729688872025
1.3922095639282,0.606009739397325,-3.4404237860952,-0.00283712135249968,0.425411745073839
2.34924653936623,0.0972877517860351,-6.35845723346922,-0.00264461832436887,0.508932166744625
1.83640221385656,0.303170002739916,-1.61072770697801,-0.0025244597801195,0.515159324988407
1.66236876702687,0.299926959965581,-2.61942853910675,-0.00200008567953817,0.3653887624412
1.52029714388941,0.389534231880327,-1.34415089971454,-0.00223772578900658,0.459775793595937
1.04128976597982,0.595147135309576,-0.91846318441392,-0.00166088242057755,0.521469970872073
1.70204350512129,0.436049882104351,-1.35215195525503,-0.00318731669550254,0.464687532162654
1.93614448197945,0.257714800639959,-4.04275398088596,-0.00215895523962707,0.438403750608705
1.9396223861869,0.379965311426255,-1.46482643126059,-0.00372127322561497,0.401482348227228
1.53915147030701,0.366693705292858,-2.91700678059402,-0.00181258258790792,0.496726433194691
1.53402877493832,0.465077074834127,-3.09971851502659,-0.00222969688428253,0.483309426175047
1.44906953601778,0.490744406229993,-1.36654578216834,-0.00201191591944242,0.561211336131194
2.08109726329318,0.1972828670974,-2.78280597734127,-0.00255586076783752,0.4752188391397
1.84942313703262,0.329161499851437,-3.17571082128781,-0.00289760635520643,0.47951565554702
1.1367301086079,0.541838230586969,-1.20831391283064,-0.0019038628199152,0.541942999441172
1.73333285745139,0.271755290700947,-0.463770599098658,-0.00216281379588812,0.505716549609993
1.82411854693627,0.326550645508355,-2.23392775753343,-0.00266476663781707,0.461146199182806
1.66816182920071,0.243639777450022,1.98681464081585,-0.00213727621923184,0.526717852049892
1.4056624164231,0.464617328036336,0.907176135897206,-0.00317888297933015,0.479053852108893
1.26703030646945,0.4096024676642,1.74399879570576,-0.0017778255193553,0.482898760635429
1.64851431535062,0.512688791615166,-5.08104092696554,-0.00258092605222671,0.483806181558004
1.21216242511227,0.497619099628594,-0.699345144444725,-0.00190095787212794,0.454723667759206
1.7665366707427,0.478717470887747,-4.36551679951543,-0.00286626870456509,0.512746519194147
1.82345520906438,0.463759474731211,-2.78003171156826,-0.00378761739397272,0.460757526275027
1.72132163852522,0.415196982429159,-1.51266046987332,-0.00323753819598956,0.479995231737226
1.53981804882942,0.441738745020722,-2.67644267258441,-0.00210947681906843,0.560919476279591
1.31666945200236,0.430592402729867,-0.383314196447074,-0.00184740595199645,0.452923711925303
1.40823180259443,0.435691036563051,1.05671735574706,-0.00237485371208543,0.499305826902024
1.6555940379806,0.357667781286629,-3.00608333744463,-0.00242721794690821,0.43423664573591
1.76798815583744,0.472628485442494,-5.69978315786097,-0.00237406453792213,0.463134033117083
1.64075614945425,0.343452635522302,-3.92896731608516,-0.00125371431434321,0.497085922705788
1.87198011849644,0.313131871137954,-0.53012115703182,-0.00342184955937656,0.437496850110327
1.32478121384287,0.477934386913361,-2.38531651226865,-0.00178521732806434,0.514296463132973
1.18010558758792,0.600208203286678,-0.687405322647131,-0.0025520509383189,0.461504290198038
1.98834862152836,0.407694285687379,-0.370124667158692,-0.00445547335138573,0.503900621641419
1.33028107852324,0.432783006908168,-0.714176651735472,-0.00169295566589384,0.471254901035425
1.42228270875541,0.36130516809181,-2.56383520128881,-0.00145398622071126,0.500299411697718
2.37126857111422,0.111639060798082,-3.56581833630705,-0.00339675023531067,0.485400812297931
1.53181637135592,0.447835904112803,-4.17139676679326,-0.00204328974545013,0.470486394642282
1.5869097683131,0.515969088367494,-1.66782952550656,-0.00319967732532854,0.475865731428421
1.36290383073737,0.431689201099699,-3.5557730667461,-0.00155219898606616,0.510722990401778
1.71701074127701,0.351343845616155,-2.23471268982278,-0.00259350847717293,0.475035768248612
0.882302438074906,0.520512501257068,1.71178354832281,-0.000872846361744782,0.487731605267498
1.98834862152836,0.407694285687379,-0.370124667158692,-0.00445547335138573,0.503900621641419
1.71837157918422,0.525311814906927,-3.76183798236576,-0.00272031415068061,0.620688728671929
1.74496428277061,0.349198898498921,0.370164242753069,-0.0026637080570237,0.578159770492897
1.05536445529046,0.588834796389581,-3.2873670028404,-0.00109115262085719,0.446652624426853
1.59149983099346,0.453068344133957,-1.73317733890809,-0.00232839757377935,0.428694597374127
1.70832682896688,0.437539439054101,-8.96505941749896,-0.00159939138032564,0.570019375482223
1.43909751278521,0.417405455610751,-3.06426242526909,-0.00207391204809754,0.480056714584939
2.31720787191137,0.3633185802363,-3.66781875327109,-0.00506467658375919,0.515051061388679
2.25720779887422,0.107138516879567,-3.44942880505672,-0.00268256819142995,0.466528037445151
1.36142013569693,0.505550126998623,-0.109753654852582,-0.00216144116954916,0.505602190729836
1.51285916804569,0.366074438350974,-1.04498661824797,-0.00176107040165958,0.509556461011893
2.17294866170581,0.276471368784518,-2.63752800194328,-0.00357770738193199,0.509762714657553
1.50828711717797,0.373968803383975,-4.60041847330791,-0.0012149670310436,0.4826180228931
1.85800345854005,0.306412183544529,-0.484613466732264,-0.00344175162096023,0.505403559432687
1.52002467523797,0.462490635882341,-2.81688252394544,-0.00225185519334819,0.551983760402489
1.49544176815806,0.440438776019733,-3.40350026751181,-0.00146848653266385,0.415163664797947
1.42902823798814,0.486338647319211,-2.74761211332482,-0.00209401594730333,0.504965304608858
2.28412332711661,0.174429110607006,-3.1947707389425,-0.00315795115312722,0.527305426987775
1.87256214018113,0.243483710590501,-0.845688844698885,-0.0027882271538792,0.560618881347867
2.47284182899115,0.194263996233043,-2.94072423915724,-0.00453980153711732,0.438609285475614
1.85176181524838,0.357823393103829,-3.07663934339165,-0.00292153548806026,0.433865006586563
1.54380446803524,0.498444231164126,-3.58834788370039,-0.00280288815731249,0.458586542886342
1.36805170149905,0.465611732530952,-0.66761663214109,-0.00149822665640073,0.495155811231488
1.69372939362139,0.422465171234746,-1.43389777048687,-0.00321186995766537,0.416584709565793
1.36499651487386,0.451158001833907,-1.74139015834319,-0.00177520827524567,0.410657356287111
1.61719289851342,0.384391531874565,-0.625215939575038,-0.00269759349231664,0.409329919405931
1.53419244695041,0.362448248961026,-1.28359610071962,-0.00234456748766789,0.421203427058383
1.47930702327592,0.378061666481669,-3.35625999241337,-0.00128769571393231,0.450011923236313
1.74259209970932,0.297510505711824,-1.79387930533776,-0.00257796999068232,0.417169151966801
1.53633819192248,0.350187562660981,-2.21790928183179,-0.00176455344104835,0.506693286456842
1.33767302496811,0.509274715721181,-3.53277187502676,-0.00113579421605231,0.558497964636083
1.43375047527111,0.402985355450159,0.349917197771142,-0.00202540635107972,0.442437561781926
1.68689212001997,0.349558963325544,-3.15825101145149,-0.00243152154150941,0.387723763956159
1.80534048815516,0.341018024889071,-6.1543300467984,-0.00221293693748043,0.504012266380498
1.36224222602258,0.588213081434525,-3.31950577240633,-0.00303032684971553,0.61175723415275
1.68449286951698,0.372357490880168,-4.39924413778534,-0.00191882945893649,0.401086533541616
1.22318103772532,0.55973057294485,-3.70720406223951,-0.00157215399441681,0.502728092931753
1.61443640694867,0.466747834780939,-7.07535206899477,-0.00181120001744115,0.494855769590299
1.99204346156724,0.250707489878622,-6.37840066390968,-0.00236705126613389,0.467107268059569
1.33844128413025,0.53355378115108,-0.27825428032212,-0.00276099421749816,0.484502758659705
2.28483076150021,0.186013845986682,-2.66067800607166,-0.00367884659880693,0.536431106643676
1.92812140453597,0.506512366760335,-1.59860883647601,-0.00472279286954766,0.413871329156951
1.15056334288304,0.473821438401858,-1.46637982809375,-0.00120540059875135,0.439313273126045
1.68652088098002,0.322314226091832,-3.09874691174392,-0.00225788246207311,0.488131612883505
1.35916385366501,0.426824292011553,-5.51274571483325,-0.000628114958791855,0.505014706896907
1.41878317398072,0.368633705004808,-3.74510012144517,-0.00143963370832831,0.462059824430136
1.82345520906438,0.463759474731211,-2.78003171156826,-0.00378761739397272,0.460757526275027
2.02898053150559,0.344237762928678,-4.52886019667208,-0.0030636609745341,0.457592388204083
1.95589908643155,0.192374070434987,-3.28062605096251,-0.00209446354374371,0.404521945014222
1.50953296888584,0.360536326633594,-0.875595452845501,-0.00211363484984345,0.489100923477143
1.81258272735063,0.410916767331384,-0.355159363743569,-0.0033612758726803,0.414469703017834
1.95525222889025,0.23530907271993,-3.25190856697963,-0.0026109111878833,0.470276199018341
1.62825285746499,0.465762291203598,-4.49719693942379,-0.00242078797593787,0.517927524954614
1.63796080766054,0.429393635575146,-4.08829471331283,-0.00258808108641677,0.445293475487201
1.71914271509046,0.300822144297343,-2.42570391906834,-0.00115859740521355,0.469161298398854
1.90275974397965,0.254156461979876,-4.21704271713284,-0.00196008697755261,0.463944761531365
2.00025635106419,0.36577471361188,-3.0712012471094,-0.00367962764023897,0.429052452723118
1.30555886841736,0.519114877804261,-0.135598628928594,-0.00240225197255018,0.465448777962606
1.81667975814608,0.267460391807829,-2.77595508085551,-0.00238417569334051,0.458585109583722
2.15642136627658,0.161717892194016,-3.36106672936163,-0.00259921694238392,0.491824502222836
2.17371029893252,0.286103563227579,-0.143078969719263,-0.00460174735972539,0.537193202414282
1.43241249999555,0.462829523356925,-2.37710462653101,-0.00169519141415151,0.500282695604063
1.3922095639282,0.606009739397325,-3.4404237860952,-0.00283712135249968,0.425411745073839
1.28060952739716,0.350266753853423,-2.94998030624062,-0.00099317643234377,0.55349635517392
1.78265154972217,0.345733038740091,-2.61270890420619,-0.00267453808925634,0.472393420090636
