"V1","V2","V3","V4","V5","V6"
1.40388884279176,0.200036838094097,0.928456454553733,-0.333267748753852,-0.000525605654588621,0.136548019014913
1.4885931178333,0.200036838094097,0.928456454553733,-0.333267748753852,-0.000525605654588621,0.136548019014913
1.36255636626879,0.200036838094097,0.928456454553733,-0.333267748753852,-0.000525605654588621,0.136548019014913
1.471222566476,0.200036838094097,0.928456454553733,-0.333267748753852,-0.000525605654588621,0.136548019014913
1.41692783712406,0.200036838094097,0.928456454553733,-0.333267748753852,-0.000525605654588621,0.136548019014913
1.54016083243569,0.200036838094097,0.928456454553733,-0.333267748753852,-0.000525605654588621,0.136548019014913
1.63138306361192,0.200036838094097,0.928456454553733,-0.333267748753852,-0.000525605654588621,0.136548019014913
1.50384480065172,0.200036838094097,0.928456454553733,-0.333267748753852,-0.000525605654588621,0.136548019014913
1.29053446978811,0.200036838094097,0.928456454553733,-0.333267748753852,-0.000525605654588621,0.136548019014913
1.40071509495582,0.200036838094097,0.928456454553733,-0.333267748753852,-0.000525605654588621,0.136548019014913
1.41931796286641,0.200036838094097,0.928456454553733,-0.333267748753852,-0.000525605654588621,0.136548019014913
1.4611894560306,0.200036838094097,0.928456454553733,-0.333267748753852,-0.000525605654588621,0.136548019014913
1.50628398445714,0.200036838094097,0.928456454553733,-0.333267748753852,-0.000525605654588621,0.136548019014913
1.31455900011617,0.200036838094097,0.928456454553733,-0.333267748753852,-0.000525605654588621,0.136548019014913
1.30080646133445,0.200036838094097,0.928456454553733,-0.333267748753852,-0.000525605654588621,0.136548019014913
1.4386185596428,0.200036838094097,0.928456454553733,-0.333267748753852,-0.000525605654588621,0.136548019014913
1.43891760603975,0.200036838094097,0.928456454553733,-0.333267748753852,-0.000525605654588621,0.136548019014913
1.34440482238216,0.200036838094097,0.928456454553733,-0.333267748753852,-0.000525605654588621,0.136548019014913
1.63746572119967,0.200036838094097,0.928456454553733,-0.333267748753852,-0.000525605654588621,0.136548019014913
1.35163741421239,0.200036838094097,0.928456454553733,-0.333267748753852,-0.000525605654588621,0.136548019014913
1.644850830714,0.200036838094097,0.928456454553733,-0.333267748753852,-0.000525605654588621,0.136548019014913
1.43666184594996,0.200036838094097,0.928456454553733,-0.333267748753852,-0.000525605654588621,0.136548019014913
1.72189959052221,0.200036838094097,0.928456454553733,-0.333267748753852,-0.000525605654588621,0.136548019014913
1.4212784807581,0.200036838094097,0.928456454553733,-0.333267748753852,-0.000525605654588621,0.136548019014913
1.45097514887868,0.200036838094097,0.928456454553733,-0.333267748753852,-0.000525605654588621,0.136548019014913
1.39572921912007,0.200036838094097,0.928456454553733,-0.333267748753852,-0.000525605654588621,0.136548019014913
1.41541673627342,0.200036838094097,0.928456454553733,-0.333267748753852,-0.000525605654588621,0.136548019014913
1.32791621166611,0.200036838094097,0.928456454553733,-0.333267748753852,-0.000525605654588621,0.136548019014913
1.46334714106273,0.200036838094097,0.928456454553733,-0.333267748753852,-0.000525605654588621,0.136548019014913
1.25122181685539,0.200036838094097,0.928456454553733,-0.333267748753852,-0.000525605654588621,0.136548019014913
1.31561733209704,0.200036838094097,0.928456454553733,-0.333267748753852,-0.000525605654588621,0.136548019014913
1.53403069145493,0.200036838094097,0.928456454553733,-0.333267748753852,-0.000525605654588621,0.136548019014913
1.44702863909948,0.200036838094097,0.928456454553733,-0.333267748753852,-0.000525605654588621,0.136548019014913
1.43744888904057,0.200036838094097,0.928456454553733,-0.333267748753852,-0.000525605654588621,0.136548019014913
1.47294277086936,0.200036838094097,0.928456454553733,-0.333267748753852,-0.000525605654588621,0.136548019014913
1.41619639722748,0.200036838094097,0.928456454553733,-0.333267748753852,-0.000525605654588621,0.136548019014913
1.42834935850531,0.200036838094097,0.928456454553733,-0.333267748753852,-0.000525605654588621,0.136548019014913
1.45395429396208,0.200036838094097,0.928456454553733,-0.333267748753852,-0.000525605654588621,0.136548019014913
1.29848220717294,0.200036838094097,0.928456454553733,-0.333267748753852,-0.000525605654588621,0.136548019014913
1.39269613502785,0.200036838094097,0.928456454553733,-0.333267748753852,-0.000525605654588621,0.136548019014913
1.36954402329534,0.200036838094097,0.928456454553733,-0.333267748753852,-0.000525605654588621,0.136548019014913
1.44514394155378,0.200036838094097,0.928456454553733,-0.333267748753852,-0.000525605654588621,0.136548019014913
1.29823880178735,0.200036838094097,0.928456454553733,-0.333267748753852,-0.000525605654588621,0.136548019014913
1.4809370449355,0.200036838094097,0.928456454553733,-0.333267748753852,-0.000525605654588621,0.136548019014913
1.37335621052177,0.200036838094097,0.928456454553733,-0.333267748753852,-0.000525605654588621,0.136548019014913
1.23684834468332,0.200036838094097,0.928456454553733,-0.333267748753852,-0.000525605654588621,0.136548019014913
1.35040646450082,0.200036838094097,0.928456454553733,-0.333267748753852,-0.000525605654588621,0.136548019014913
1.29332293669157,0.200036838094097,0.928456454553733,-0.333267748753852,-0.000525605654588621,0.136548019014913
1.44457602605606,0.200036838094097,0.928456454553733,-0.333267748753852,-0.000525605654588621,0.136548019014913
1.57373637517053,0.200036838094097,0.928456454553733,-0.333267748753852,-0.000525605654588621,0.136548019014913
1.55847824757656,0.200036838094097,0.928456454553733,-0.333267748753852,-0.000525605654588621,0.136548019014913
1.58184395499351,0.200036838094097,0.928456454553733,-0.333267748753852,-0.000525605654588621,0.136548019014913
1.35985760528742,0.200036838094097,0.928456454553733,-0.333267748753852,-0.000525605654588621,0.136548019014913
1.52392444492545,0.200036838094097,0.928456454553733,-0.333267748753852,-0.000525605654588621,0.136548019014913
1.5538301811824,0.200036838094097,0.928456454553733,-0.333267748753852,-0.000525605654588621,0.136548019014913
1.41598996753034,0.200036838094097,0.928456454553733,-0.333267748753852,-0.000525605654588621,0.136548019014913
1.32921415338339,0.200036838094097,0.928456454553733,-0.333267748753852,-0.000525605654588621,0.136548019014913
1.57748180531691,0.200036838094097,0.928456454553733,-0.333267748753852,-0.000525605654588621,0.136548019014913
1.42367864677264,0.200036838094097,0.928456454553733,-0.333267748753852,-0.000525605654588621,0.136548019014913
1.47638805027003,0.200036838094097,0.928456454553733,-0.333267748753852,-0.000525605654588621,0.136548019014913
1.31413956477417,0.200036838094097,0.928456454553733,-0.333267748753852,-0.000525605654588621,0.136548019014913
1.43137157952955,0.200036838094097,0.928456454553733,-0.333267748753852,-0.000525605654588621,0.136548019014913
1.43048807837486,0.200036838094097,0.928456454553733,-0.333267748753852,-0.000525605654588621,0.136548019014913
1.26216417959359,0.200036838094097,0.928456454553733,-0.333267748753852,-0.000525605654588621,0.136548019014913
1.84172129924588,0.200036838094097,0.928456454553733,-0.333267748753852,-0.000525605654588621,0.136548019014913
1.61480818720282,0.200036838094097,0.928456454553733,-0.333267748753852,-0.000525605654588621,0.136548019014913
1.44613425050614,0.200036838094097,0.928456454553733,-0.333267748753852,-0.000525605654588621,0.136548019014913
1.52785522033135,0.200036838094097,0.928456454553733,-0.333267748753852,-0.000525605654588621,0.136548019014913
1.53774580779668,0.200036838094097,0.928456454553733,-0.333267748753852,-0.000525605654588621,0.136548019014913
1.52262279717707,0.200036838094097,0.928456454553733,-0.333267748753852,-0.000525605654588621,0.136548019014913
1.35828082344526,0.200036838094097,0.928456454553733,-0.333267748753852,-0.000525605654588621,0.136548019014913
1.55918915476422,0.200036838094097,0.928456454553733,-0.333267748753852,-0.000525605654588621,0.136548019014913
1.42863395886806,0.200036838094097,0.928456454553733,-0.333267748753852,-0.000525605654588621,0.136548019014913
1.47464705610107,0.200036838094097,0.928456454553733,-0.333267748753852,-0.000525605654588621,0.136548019014913
1.50443207894415,0.200036838094097,0.928456454553733,-0.333267748753852,-0.000525605654588621,0.136548019014913
1.53366667630633,0.200036838094097,0.928456454553733,-0.333267748753852,-0.000525605654588621,0.136548019014913
1.37250700284411,0.200036838094097,0.928456454553733,-0.333267748753852,-0.000525605654588621,0.136548019014913
1.51166633193112,0.200036838094097,0.928456454553733,-0.333267748753852,-0.000525605654588621,0.136548019014913
1.28321912027501,0.200036838094097,0.928456454553733,-0.333267748753852,-0.000525605654588621,0.136548019014913
1.35625066498692,0.200036838094097,0.928456454553733,-0.333267748753852,-0.000525605654588621,0.136548019014913
1.40773758093659,0.200036838094097,0.928456454553733,-0.333267748753852,-0.000525605654588621,0.136548019014913
1.40699382109561,0.200036838094097,0.928456454553733,-0.333267748753852,-0.000525605654588621,0.136548019014913
1.46928842668187,0.200036838094097,0.928456454553733,-0.333267748753852,-0.000525605654588621,0.136548019014913
1.59991773710021,0.200036838094097,0.928456454553733,-0.333267748753852,-0.000525605654588621,0.136548019014913
1.30952858851716,0.200036838094097,0.928456454553733,-0.333267748753852,-0.000525605654588621,0.136548019014913
1.57181581027272,0.200036838094097,0.928456454553733,-0.333267748753852,-0.000525605654588621,0.136548019014913
1.10306167345369,0.200036838094097,0.928456454553733,-0.333267748753852,-0.000525605654588621,0.136548019014913
1.51892816638597,0.200036838094097,0.928456454553733,-0.333267748753852,-0.000525605654588621,0.136548019014913
1.22608505933235,0.200036838094097,0.928456454553733,-0.333267748753852,-0.000525605654588621,0.136548019014913
1.36286748232781,0.200036838094097,0.928456454553733,-0.333267748753852,-0.000525605654588621,0.136548019014913
1.49905847395486,0.200036838094097,0.928456454553733,-0.333267748753852,-0.000525605654588621,0.136548019014913
1.74224702155728,0.200036838094097,0.928456454553733,-0.333267748753852,-0.000525605654588621,0.136548019014913
1.36832862494944,0.200036838094097,0.928456454553733,-0.333267748753852,-0.000525605654588621,0.136548019014913
1.49680149308737,0.200036838094097,0.928456454553733,-0.333267748753852,-0.000525605654588621,0.136548019014913
1.48772425801496,0.200036838094097,0.928456454553733,-0.333267748753852,-0.000525605654588621,0.136548019014913
1.5765093096069,0.200036838094097,0.928456454553733,-0.333267748753852,-0.000525605654588621,0.136548019014913
1.59320954668885,0.200036838094097,0.928456454553733,-0.333267748753852,-0.000525605654588621,0.136548019014913
1.59245638368309,0.200036838094097,0.928456454553733,-0.333267748753852,-0.000525605654588621,0.136548019014913
1.39904120690631,0.200036838094097,0.928456454553733,-0.333267748753852,-0.000525605654588621,0.136548019014913
1.43706749275794,0.200036838094097,0.928456454553733,-0.333267748753852,-0.000525605654588621,0.136548019014913
1.38589860819003,0.200036838094097,0.928456454553733,-0.333267748753852,-0.000525605654588621,0.136548019014913
1.40780494222394,0.200036838094097,0.928456454553733,-0.333267748753852,-0.000525605654588621,0.136548019014913
1.54309146351613,0.200036838094097,0.928456454553733,-0.333267748753852,-0.000525605654588621,0.136548019014913
1.44030838254253,0.200036838094097,0.928456454553733,-0.333267748753852,-0.000525605654588621,0.136548019014913
1.43187493669623,0.200036838094097,0.928456454553733,-0.333267748753852,-0.000525605654588621,0.136548019014913
1.47738760801348,0.200036838094097,0.928456454553733,-0.333267748753852,-0.000525605654588621,0.136548019014913
1.55471946226404,0.200036838094097,0.928456454553733,-0.333267748753852,-0.000525605654588621,0.136548019014913
1.60290174423463,0.200036838094097,0.928456454553733,-0.333267748753852,-0.000525605654588621,0.136548019014913
1.6952259615739,0.200036838094097,0.928456454553733,-0.333267748753852,-0.000525605654588621,0.136548019014913
1.42107005665842,0.200036838094097,0.928456454553733,-0.333267748753852,-0.000525605654588621,0.136548019014913
1.38495475685223,0.200036838094097,0.928456454553733,-0.333267748753852,-0.000525605654588621,0.136548019014913
1.33164866295982,0.200036838094097,0.928456454553733,-0.333267748753852,-0.000525605654588621,0.136548019014913
1.31670337319326,0.200036838094097,0.928456454553733,-0.333267748753852,-0.000525605654588621,0.136548019014913
1.48307789367097,0.200036838094097,0.928456454553733,-0.333267748753852,-0.000525605654588621,0.136548019014913
1.17399016982747,0.200036838094097,0.928456454553733,-0.333267748753852,-0.000525605654588621,0.136548019014913
1.31544325050215,0.200036838094097,0.928456454553733,-0.333267748753852,-0.000525605654588621,0.136548019014913
1.43176863054546,0.200036838094097,0.928456454553733,-0.333267748753852,-0.000525605654588621,0.136548019014913
1.46992937305042,0.200036838094097,0.928456454553733,-0.333267748753852,-0.000525605654588621,0.136548019014913
1.34801712138903,0.200036838094097,0.928456454553733,-0.333267748753852,-0.000525605654588621,0.136548019014913
1.32702472057204,0.200036838094097,0.928456454553733,-0.333267748753852,-0.000525605654588621,0.136548019014913
1.6665059159537,0.200036838094097,0.928456454553733,-0.333267748753852,-0.000525605654588621,0.136548019014913
1.18890144341565,0.200036838094097,0.928456454553733,-0.333267748753852,-0.000525605654588621,0.136548019014913
1.68972923149149,0.200036838094097,0.928456454553733,-0.333267748753852,-0.000525605654588621,0.136548019014913
1.41638033950328,0.200036838094097,0.928456454553733,-0.333267748753852,-0.000525605654588621,0.136548019014913
1.37935655062642,0.200036838094097,0.928456454553733,-0.333267748753852,-0.000525605654588621,0.136548019014913
1.36826687052318,0.200036838094097,0.928456454553733,-0.333267748753852,-0.000525605654588621,0.136548019014913
1.54164438214603,0.200036838094097,0.928456454553733,-0.333267748753852,-0.000525605654588621,0.136548019014913
1.3225402894594,0.200036838094097,0.928456454553733,-0.333267748753852,-0.000525605654588621,0.136548019014913
1.35850454452913,0.200036838094097,0.928456454553733,-0.333267748753852,-0.000525605654588621,0.136548019014913
1.42597701404959,0.200036838094097,0.928456454553733,-0.333267748753852,-0.000525605654588621,0.136548019014913
1.35718800123504,0.200036838094097,0.928456454553733,-0.333267748753852,-0.000525605654588621,0.136548019014913
1.31966717918518,0.200036838094097,0.928456454553733,-0.333267748753852,-0.000525605654588621,0.136548019014913
1.26559942356894,0.200036838094097,0.928456454553733,-0.333267748753852,-0.000525605654588621,0.136548019014913
1.52349415049686,0.200036838094097,0.928456454553733,-0.333267748753852,-0.000525605654588621,0.136548019014913
1.19905199124465,0.200036838094097,0.928456454553733,-0.333267748753852,-0.000525605654588621,0.136548019014913
1.38408111933732,0.200036838094097,0.928456454553733,-0.333267748753852,-0.000525605654588621,0.136548019014913
1.20202126295168,0.200036838094097,0.928456454553733,-0.333267748753852,-0.000525605654588621,0.136548019014913
1.35651659250758,0.200036838094097,0.928456454553733,-0.333267748753852,-0.000525605654588621,0.136548019014913
1.79201877933952,0.200036838094097,0.928456454553733,-0.333267748753852,-0.000525605654588621,0.136548019014913
1.24058744382201,0.200036838094097,0.928456454553733,-0.333267748753852,-0.000525605654588621,0.136548019014913
1.56025578379254,0.200036838094097,0.928456454553733,-0.333267748753852,-0.000525605654588621,0.136548019014913
1.33923937381062,0.200036838094097,0.928456454553733,-0.333267748753852,-0.000525605654588621,0.136548019014913
1.38964767803783,0.200036838094097,0.928456454553733,-0.333267748753852,-0.000525605654588621,0.136548019014913
1.74451510057499,0.200036838094097,0.928456454553733,-0.333267748753852,-0.000525605654588621,0.136548019014913
1.50498291391275,0.200036838094097,0.928456454553733,-0.333267748753852,-0.000525605654588621,0.136548019014913
1.65591900876079,0.200036838094097,0.928456454553733,-0.333267748753852,-0.000525605654588621,0.136548019014913
1.63152579670872,0.200036838094097,0.928456454553733,-0.333267748753852,-0.000525605654588621,0.136548019014913
1.28007005729758,0.200036838094097,0.928456454553733,-0.333267748753852,-0.000525605654588621,0.136548019014913
1.41908420482687,0.200036838094097,0.928456454553733,-0.333267748753852,-0.000525605654588621,0.136548019014913
1.51483254460584,0.200036838094097,0.928456454553733,-0.333267748753852,-0.000525605654588621,0.136548019014913
1.37347448211928,0.200036838094097,0.928456454553733,-0.333267748753852,-0.000525605654588621,0.136548019014913
1.59320954668885,0.200036838094097,0.928456454553733,-0.333267748753852,-0.000525605654588621,0.136548019014913
1.22433943771427,0.200036838094097,0.928456454553733,-0.333267748753852,-0.000525605654588621,0.136548019014913
1.31358934050955,0.200036838094097,0.928456454553733,-0.333267748753852,-0.000525605654588621,0.136548019014913
1.29057181398311,0.200036838094097,0.928456454553733,-0.333267748753852,-0.000525605654588621,0.136548019014913
1.32939798507145,0.200036838094097,0.928456454553733,-0.333267748753852,-0.000525605654588621,0.136548019014913
1.46234105127452,0.200036838094097,0.928456454553733,-0.333267748753852,-0.000525605654588621,0.136548019014913
1.29573070311227,0.200036838094097,0.928456454553733,-0.333267748753852,-0.000525605654588621,0.136548019014913
1.40062445276804,0.200036838094097,0.928456454553733,-0.333267748753852,-0.000525605654588621,0.136548019014913
1.43787262422732,0.200036838094097,0.928456454553733,-0.333267748753852,-0.000525605654588621,0.136548019014913
1.09377621797605,0.200036838094097,0.928456454553733,-0.333267748753852,-0.000525605654588621,0.136548019014913
1.30498589688715,0.200036838094097,0.928456454553733,-0.333267748753852,-0.000525605654588621,0.136548019014913
1.30277512926726,0.200036838094097,0.928456454553733,-0.333267748753852,-0.000525605654588621,0.136548019014913
1.338977956585,0.200036838094097,0.928456454553733,-0.333267748753852,-0.000525605654588621,0.136548019014913
1.49033294880701,0.200036838094097,0.928456454553733,-0.333267748753852,-0.000525605654588621,0.136548019014913
1.14288636379924,0.200036838094097,0.928456454553733,-0.333267748753852,-0.000525605654588621,0.136548019014913
1.60535384097742,0.200036838094097,0.928456454553733,-0.333267748753852,-0.000525605654588621,0.136548019014913
1.50916978672052,0.200036838094097,0.928456454553733,-0.333267748753852,-0.000525605654588621,0.136548019014913
1.60141518741939,0.200036838094097,0.928456454553733,-0.333267748753852,-0.000525605654588621,0.136548019014913
1.35401344905915,0.200036838094097,0.928456454553733,-0.333267748753852,-0.000525605654588621,0.136548019014913
1.32241067849715,0.200036838094097,0.928456454553733,-0.333267748753852,-0.000525605654588621,0.136548019014913
1.20322920731138,0.200036838094097,0.928456454553733,-0.333267748753852,-0.000525605654588621,0.136548019014913
1.4224342709273,0.200036838094097,0.928456454553733,-0.333267748753852,-0.000525605654588621,0.136548019014913
1.56254341320962,0.200036838094097,0.928456454553733,-0.333267748753852,-0.000525605654588621,0.136548019014913
1.38659883564171,0.200036838094097,0.928456454553733,-0.333267748753852,-0.000525605654588621,0.136548019014913
1.14757820544535,0.200036838094097,0.928456454553733,-0.333267748753852,-0.000525605654588621,0.136548019014913
1.70536963622711,0.200036838094097,0.928456454553733,-0.333267748753852,-0.000525605654588621,0.136548019014913
1.58740928589962,0.200036838094097,0.928456454553733,-0.333267748753852,-0.000525605654588621,0.136548019014913
1.3781988550441,0.200036838094097,0.928456454553733,-0.333267748753852,-0.000525605654588621,0.136548019014913
1.47691410133358,0.200036838094097,0.928456454553733,-0.333267748753852,-0.000525605654588621,0.136548019014913
1.43932318659822,0.200036838094097,0.928456454553733,-0.333267748753852,-0.000525605654588621,0.136548019014913
1.33481001758225,0.200036838094097,0.928456454553733,-0.333267748753852,-0.000525605654588621,0.136548019014913
1.44799558090392,0.200036838094097,0.928456454553733,-0.333267748753852,-0.000525605654588621,0.136548019014913
1.12067648826655,0.200036838094097,0.928456454553733,-0.333267748753852,-0.000525605654588621,0.136548019014913
1.62642268003011,0.200036838094097,0.928456454553733,-0.333267748753852,-0.000525605654588621,0.136548019014913
1.17023936383727,0.200036838094097,0.928456454553733,-0.333267748753852,-0.000525605654588621,0.136548019014913
1.41302004431503,0.200036838094097,0.928456454553733,-0.333267748753852,-0.000525605654588621,0.136548019014913
1.35855742684383,0.200036838094097,0.928456454553733,-0.333267748753852,-0.000525605654588621,0.136548019014913
1.31813865294966,0.200036838094097,0.928456454553733,-0.333267748753852,-0.000525605654588621,0.136548019014913
1.27463291338995,0.200036838094097,0.928456454553733,-0.333267748753852,-0.000525605654588621,0.136548019014913
1.44372852127757,0.200036838094097,0.928456454553733,-0.333267748753852,-0.000525605654588621,0.136548019014913
1.37945335694027,0.200036838094097,0.928456454553733,-0.333267748753852,-0.000525605654588621,0.136548019014913
1.48243540351049,0.200036838094097,0.928456454553733,-0.333267748753852,-0.000525605654588621,0.136548019014913
1.51393434841839,0.200036838094097,0.928456454553733,-0.333267748753852,-0.000525605654588621,0.136548019014913
1.50628398445714,0.200036838094097,0.928456454553733,-0.333267748753852,-0.000525605654588621,0.136548019014913
1.59593342797468,0.200036838094097,0.928456454553733,-0.333267748753852,-0.000525605654588621,0.136548019014913
1.21188830057907,0.200036838094097,0.928456454553733,-0.333267748753852,-0.000525605654588621,0.136548019014913
1.51232984443937,0.200036838094097,0.928456454553733,-0.333267748753852,-0.000525605654588621,0.136548019014913
1.40756870690176,0.200036838094097,0.928456454553733,-0.333267748753852,-0.000525605654588621,0.136548019014913
1.46826802356213,0.200036838094097,0.928456454553733,-0.333267748753852,-0.000525605654588621,0.136548019014913
1.4223104456666,0.200036838094097,0.928456454553733,-0.333267748753852,-0.000525605654588621,0.136548019014913
1.31794140808132,0.200036838094097,0.928456454553733,-0.333267748753852,-0.000525605654588621,0.136548019014913
1.72101377586594,0.200036838094097,0.928456454553733,-0.333267748753852,-0.000525605654588621,0.136548019014913
1.58987416687619,0.200036838094097,0.928456454553733,-0.333267748753852,-0.000525605654588621,0.136548019014913
1.30571499820259,0.200036838094097,0.928456454553733,-0.333267748753852,-0.000525605654588621,0.136548019014913
1.52624763396829,0.200036838094097,0.928456454553733,-0.333267748753852,-0.000525605654588621,0.136548019014913
1.33031827928386,0.200036838094097,0.928456454553733,-0.333267748753852,-0.000525605654588621,0.136548019014913
1.37373894071816,0.200036838094097,0.928456454553733,-0.333267748753852,-0.000525605654588621,0.136548019014913
1.12222313090003,0.200036838094097,0.928456454553733,-0.333267748753852,-0.000525605654588621,0.136548019014913
1.37386151325611,0.200036838094097,0.928456454553733,-0.333267748753852,-0.000525605654588621,0.136548019014913
1.18909266086973,0.200036838094097,0.928456454553733,-0.333267748753852,-0.000525605654588621,0.136548019014913
1.22269259266995,0.200036838094097,0.928456454553733,-0.333267748753852,-0.000525605654588621,0.136548019014913
1.46469275479563,0.200036838094097,0.928456454553733,-0.333267748753852,-0.000525605654588621,0.136548019014913
1.19764349988178,0.200036838094097,0.928456454553733,-0.333267748753852,-0.000525605654588621,0.136548019014913
1.57591465130431,0.200036838094097,0.928456454553733,-0.333267748753852,-0.000525605654588621,0.136548019014913
1.34599678442628,0.200036838094097,0.928456454553733,-0.333267748753852,-0.000525605654588621,0.136548019014913
1.53565099234125,0.200036838094097,0.928456454553733,-0.333267748753852,-0.000525605654588621,0.136548019014913
1.63326033055105,0.200036838094097,0.928456454553733,-0.333267748753852,-0.000525605654588621,0.136548019014913
1.30342852416262,0.200036838094097,0.928456454553733,-0.333267748753852,-0.000525605654588621,0.136548019014913
1.53134352714753,0.200036838094097,0.928456454553733,-0.333267748753852,-0.000525605654588621,0.136548019014913
1.50323901369276,0.200036838094097,0.928456454553733,-0.333267748753852,-0.000525605654588621,0.136548019014913
1.54641805112393,0.200036838094097,0.928456454553733,-0.333267748753852,-0.000525605654588621,0.136548019014913
1.69755267714073,0.200036838094097,0.928456454553733,-0.333267748753852,-0.000525605654588621,0.136548019014913
1.54029087878109,0.200036838094097,0.928456454553733,-0.333267748753852,-0.000525605654588621,0.136548019014913
1.58162513005154,0.200036838094097,0.928456454553733,-0.333267748753852,-0.000525605654588621,0.136548019014913
1.41711579721285,0.200036838094097,0.928456454553733,-0.333267748753852,-0.000525605654588621,0.136548019014913
1.35855742684383,0.200036838094097,0.928456454553733,-0.333267748753852,-0.000525605654588621,0.136548019014913
1.28089675648207,0.200036838094097,0.928456454553733,-0.333267748753852,-0.000525605654588621,0.136548019014913
1.27033363186897,0.200036838094097,0.928456454553733,-0.333267748753852,-0.000525605654588621,0.136548019014913
1.35747213950857,0.200036838094097,0.928456454553733,-0.333267748753852,-0.000525605654588621,0.136548019014913
1.30442955128193,0.200036838094097,0.928456454553733,-0.333267748753852,-0.000525605654588621,0.136548019014913
1.3128520568477,0.200036838094097,0.928456454553733,-0.333267748753852,-0.000525605654588621,0.136548019014913
1.46296193893005,0.200036838094097,0.928456454553733,-0.333267748753852,-0.000525605654588621,0.136548019014913
1.38657967551134,0.200036838094097,0.928456454553733,-0.333267748753852,-0.000525605654588621,0.136548019014913
1.34961905439112,0.200036838094097,0.928456454553733,-0.333267748753852,-0.000525605654588621,0.136548019014913
1.43901854388971,0.200036838094097,0.928456454553733,-0.333267748753852,-0.000525605654588621,0.136548019014913
1.57776333097995,0.200036838094097,0.928456454553733,-0.333267748753852,-0.000525605654588621,0.136548019014913
1.63300060432503,0.200036838094097,0.928456454553733,-0.333267748753852,-0.000525605654588621,0.136548019014913
1.45324201135022,0.200036838094097,0.928456454553733,-0.333267748753852,-0.000525605654588621,0.136548019014913
1.67926609656637,0.200036838094097,0.928456454553733,-0.333267748753852,-0.000525605654588621,0.136548019014913
1.14180884170932,0.200036838094097,0.928456454553733,-0.333267748753852,-0.000525605654588621,0.136548019014913
1.58940168080193,0.200036838094097,0.928456454553733,-0.333267748753852,-0.000525605654588621,0.136548019014913
1.51580789632646,0.200036838094097,0.928456454553733,-0.333267748753852,-0.000525605654588621,0.136548019014913
1.48378138453167,0.200036838094097,0.928456454553733,-0.333267748753852,-0.000525605654588621,0.136548019014913
1.54081037080616,0.200036838094097,0.928456454553733,-0.333267748753852,-0.000525605654588621,0.136548019014913
1.31659742655974,0.200036838094097,0.928456454553733,-0.333267748753852,-0.000525605654588621,0.136548019014913
1.54796964069444,0.200036838094097,0.928456454553733,-0.333267748753852,-0.000525605654588621,0.136548019014913
1.58111834279628,0.200036838094097,0.928456454553733,-0.333267748753852,-0.000525605654588621,0.136548019014913
1.44486797361131,0.200036838094097,0.928456454553733,-0.333267748753852,-0.000525605654588621,0.136548019014913
1.43057254767084,0.200036838094097,0.928456454553733,-0.333267748753852,-0.000525605654588621,0.136548019014913
1.23862286710144,0.200036838094097,0.928456454553733,-0.333267748753852,-0.000525605654588621,0.136548019014913
1.45501837815367,0.200036838094097,0.928456454553733,-0.333267748753852,-0.000525605654588621,0.136548019014913
1.41411129082519,0.200036838094097,0.928456454553733,-0.333267748753852,-0.000525605654588621,0.136548019014913
1.46976422274376,0.200036838094097,0.928456454553733,-0.333267748753852,-0.000525605654588621,0.136548019014913
1.92071787708947,0.200036838094097,0.928456454553733,-0.333267748753852,-0.000525605654588621,0.136548019014913
1.38670591161033,0.200036838094097,0.928456454553733,-0.333267748753852,-0.000525605654588621,0.136548019014913
1.90073852693009,0.200036838094097,0.928456454553733,-0.333267748753852,-0.000525605654588621,0.136548019014913
1.33705855401914,0.200036838094097,0.928456454553733,-0.333267748753852,-0.000525605654588621,0.136548019014913
1.42610576830308,0.200036838094097,0.928456454553733,-0.333267748753852,-0.000525605654588621,0.136548019014913
1.36654264186392,0.200036838094097,0.928456454553733,-0.333267748753852,-0.000525605654588621,0.136548019014913
1.51666705579541,0.200036838094097,0.928456454553733,-0.333267748753852,-0.000525605654588621,0.136548019014913
1.16165826017327,0.200036838094097,0.928456454553733,-0.333267748753852,-0.000525605654588621,0.136548019014913
1.50246208811035,0.200036838094097,0.928456454553733,-0.333267748753852,-0.000525605654588621,0.136548019014913
1.48774477993712,0.200036838094097,0.928456454553733,-0.333267748753852,-0.000525605654588621,0.136548019014913
1.37674461331266,0.200036838094097,0.928456454553733,-0.333267748753852,-0.000525605654588621,0.136548019014913
1.49281537911845,0.200036838094097,0.928456454553733,-0.333267748753852,-0.000525605654588621,0.136548019014913
1.40937398396565,0.200036838094097,0.928456454553733,-0.333267748753852,-0.000525605654588621,0.136548019014913
1.33024346703125,0.200036838094097,0.928456454553733,-0.333267748753852,-0.000525605654588621,0.136548019014913
1.13750689781978,0.200036838094097,0.928456454553733,-0.333267748753852,-0.000525605654588621,0.136548019014913
1.65406318234412,0.200036838094097,0.928456454553733,-0.333267748753852,-0.000525605654588621,0.136548019014913
1.45556471258411,0.200036838094097,0.928456454553733,-0.333267748753852,-0.000525605654588621,0.136548019014913
1.41285189616076,0.200036838094097,0.928456454553733,-0.333267748753852,-0.000525605654588621,0.136548019014913
1.38573610015144,0.200036838094097,0.928456454553733,-0.333267748753852,-0.000525605654588621,0.136548019014913
1.61554377584228,0.200036838094097,0.928456454553733,-0.333267748753852,-0.000525605654588621,0.136548019014913
1.42775356305406,0.200036838094097,0.928456454553733,-0.333267748753852,-0.000525605654588621,0.136548019014913
1.27743027270067,0.200036838094097,0.928456454553733,-0.333267748753852,-0.000525605654588621,0.136548019014913
1.76484898717246,0.200036838094097,0.928456454553733,-0.333267748753852,-0.000525605654588621,0.136548019014913
1.36287145901982,0.200036838094097,0.928456454553733,-0.333267748753852,-0.000525605654588621,0.136548019014913
1.24608183025773,0.200036838094097,0.928456454553733,-0.333267748753852,-0.000525605654588621,0.136548019014913
1.41831904361375,0.200036838094097,0.928456454553733,-0.333267748753852,-0.000525605654588621,0.136548019014913
1.31271728755197,0.200036838094097,0.928456454553733,-0.333267748753852,-0.000525605654588621,0.136548019014913
1.47521882935733,0.200036838094097,0.928456454553733,-0.333267748753852,-0.000525605654588621,0.136548019014913
1.45760161864164,0.200036838094097,0.928456454553733,-0.333267748753852,-0.000525605654588621,0.136548019014913
1.29343637909939,0.200036838094097,0.928456454553733,-0.333267748753852,-0.000525605654588621,0.136548019014913
1.39010725321072,0.200036838094097,0.928456454553733,-0.333267748753852,-0.000525605654588621,0.136548019014913
1.56233143786552,0.200036838094097,0.928456454553733,-0.333267748753852,-0.000525605654588621,0.136548019014913
1.41057105321012,0.200036838094097,0.928456454553733,-0.333267748753852,-0.000525605654588621,0.136548019014913
1.44627307358699,0.200036838094097,0.928456454553733,-0.333267748753852,-0.000525605654588621,0.136548019014913
1.49282752748466,0.200036838094097,0.928456454553733,-0.333267748753852,-0.000525605654588621,0.136548019014913
1.66625606998239,0.200036838094097,0.928456454553733,-0.333267748753852,-0.000525605654588621,0.136548019014913
1.20979065693767,0.200036838094097,0.928456454553733,-0.333267748753852,-0.000525605654588621,0.136548019014913
1.56699574767764,0.200036838094097,0.928456454553733,-0.333267748753852,-0.000525605654588621,0.136548019014913
1.30768807313504,0.200036838094097,0.928456454553733,-0.333267748753852,-0.000525605654588621,0.136548019014913
1.36811738749133,0.200036838094097,0.928456454553733,-0.333267748753852,-0.000525605654588621,0.136548019014913
1.4405556146334,0.200036838094097,0.928456454553733,-0.333267748753852,-0.000525605654588621,0.136548019014913
1.33164866295982,0.200036838094097,0.928456454553733,-0.333267748753852,-0.000525605654588621,0.136548019014913
1.01565112975798,0.200036838094097,0.928456454553733,-0.333267748753852,-0.000525605654588621,0.136548019014913
1.40652671451802,0.200036838094097,0.928456454553733,-0.333267748753852,-0.000525605654588621,0.136548019014913
1.4208166904605,0.200036838094097,0.928456454553733,-0.333267748753852,-0.000525605654588621,0.136548019014913
1.32404405601714,0.200036838094097,0.928456454553733,-0.333267748753852,-0.000525605654588621,0.136548019014913
1.3554909354451,0.200036838094097,0.928456454553733,-0.333267748753852,-0.000525605654588621,0.136548019014913
1.17953423197226,0.200036838094097,0.928456454553733,-0.333267748753852,-0.000525605654588621,0.136548019014913
1.30831185354602,0.200036838094097,0.928456454553733,-0.333267748753852,-0.000525605654588621,0.136548019014913
1.45248646344426,0.200036838094097,0.928456454553733,-0.333267748753852,-0.000525605654588621,0.136548019014913
1.37128427048447,0.200036838094097,0.928456454553733,-0.333267748753852,-0.000525605654588621,0.136548019014913
1.67832096210441,0.200036838094097,0.928456454553733,-0.333267748753852,-0.000525605654588621,0.136548019014913
1.54326445159319,0.200036838094097,0.928456454553733,-0.333267748753852,-0.000525605654588621,0.136548019014913
1.44683701240364,0.200036838094097,0.928456454553733,-0.333267748753852,-0.000525605654588621,0.136548019014913
1.39358091163536,0.200036838094097,0.928456454553733,-0.333267748753852,-0.000525605654588621,0.136548019014913
1.34317020196203,0.200036838094097,0.928456454553733,-0.333267748753852,-0.000525605654588621,0.136548019014913
1.45478724994525,0.200036838094097,0.928456454553733,-0.333267748753852,-0.000525605654588621,0.136548019014913
1.41095039728605,0.200036838094097,0.928456454553733,-0.333267748753852,-0.000525605654588621,0.136548019014913
1.42046619705938,0.200036838094097,0.928456454553733,-0.333267748753852,-0.000525605654588621,0.136548019014913
1.53019969999679,0.200036838094097,0.928456454553733,-0.333267748753852,-0.000525605654588621,0.136548019014913
1.34252460524113,0.200036838094097,0.928456454553733,-0.333267748753852,-0.000525605654588621,0.136548019014913
1.3126021329622,0.200036838094097,0.928456454553733,-0.333267748753852,-0.000525605654588621,0.136548019014913
1.38156292414343,0.200036838094097,0.928456454553733,-0.333267748753852,-0.000525605654588621,0.136548019014913
1.4747770084583,0.200036838094097,0.928456454553733,-0.333267748753852,-0.000525605654588621,0.136548019014913
1.41074184570682,0.200036838094097,0.928456454553733,-0.333267748753852,-0.000525605654588621,0.136548019014913
1.47252098070332,0.200036838094097,0.928456454553733,-0.333267748753852,-0.000525605654588621,0.136548019014913
1.47405460649334,0.200036838094097,0.928456454553733,-0.333267748753852,-0.000525605654588621,0.136548019014913
1.39343215100229,0.200036838094097,0.928456454553733,-0.333267748753852,-0.000525605654588621,0.136548019014913
1.48249013161058,0.200036838094097,0.928456454553733,-0.333267748753852,-0.000525605654588621,0.136548019014913
1.1815139694793,0.200036838094097,0.928456454553733,-0.333267748753852,-0.000525605654588621,0.136548019014913
1.55483367188869,0.200036838094097,0.928456454553733,-0.333267748753852,-0.000525605654588621,0.136548019014913
1.6990996006673,0.200036838094097,0.928456454553733,-0.333267748753852,-0.000525605654588621,0.136548019014913
1.35459311354602,0.200036838094097,0.928456454553733,-0.333267748753852,-0.000525605654588621,0.136548019014913
1.24831678771879,0.200036838094097,0.928456454553733,-0.333267748753852,-0.000525605654588621,0.136548019014913
1.27993891783174,0.200036838094097,0.928456454553733,-0.333267748753852,-0.000525605654588621,0.136548019014913
1.53524121777764,0.200036838094097,0.928456454553733,-0.333267748753852,-0.000525605654588621,0.136548019014913
1.41001292226298,0.200036838094097,0.928456454553733,-0.333267748753852,-0.000525605654588621,0.136548019014913
1.29918733781437,0.200036838094097,0.928456454553733,-0.333267748753852,-0.000525605654588621,0.136548019014913
1.60172357315226,0.200036838094097,0.928456454553733,-0.333267748753852,-0.000525605654588621,0.136548019014913
1.44627791704406,0.200036838094097,0.928456454553733,-0.333267748753852,-0.000525605654588621,0.136548019014913
1.47737073509189,0.200036838094097,0.928456454553733,-0.333267748753852,-0.000525605654588621,0.136548019014913
1.40466705461112,0.200036838094097,0.928456454553733,-0.333267748753852,-0.000525605654588621,0.136548019014913
1.26810091619037,0.200036838094097,0.928456454553733,-0.333267748753852,-0.000525605654588621,0.136548019014913
1.63569366866035,0.200036838094097,0.928456454553733,-0.333267748753852,-0.000525605654588621,0.136548019014913
1.54253874929151,0.200036838094097,0.928456454553733,-0.333267748753852,-0.000525605654588621,0.136548019014913
1.48272417961156,0.200036838094097,0.928456454553733,-0.333267748753852,-0.000525605654588621,0.136548019014913
1.31088685282086,0.200036838094097,0.928456454553733,-0.333267748753852,-0.000525605654588621,0.136548019014913
1.46241126070664,0.200036838094097,0.928456454553733,-0.333267748753852,-0.000525605654588621,0.136548019014913
1.41287329394342,0.200036838094097,0.928456454553733,-0.333267748753852,-0.000525605654588621,0.136548019014913
1.38590211579797,0.200036838094097,0.928456454553733,-0.333267748753852,-0.000525605654588621,0.136548019014913
1.62823058349184,0.200036838094097,0.928456454553733,-0.333267748753852,-0.000525605654588621,0.136548019014913
1.43097123166412,0.200036838094097,0.928456454553733,-0.333267748753852,-0.000525605654588621,0.136548019014913
1.20991377943436,0.200036838094097,0.928456454553733,-0.333267748753852,-0.000525605654588621,0.136548019014913
1.41302004431503,0.200036838094097,0.928456454553733,-0.333267748753852,-0.000525605654588621,0.136548019014913
1.31538166452591,0.200036838094097,0.928456454553733,-0.333267748753852,-0.000525605654588621,0.136548019014913
1.4203284227349,0.200036838094097,0.928456454553733,-0.333267748753852,-0.000525605654588621,0.136548019014913
1.37082066237941,0.200036838094097,0.928456454553733,-0.333267748753852,-0.000525605654588621,0.136548019014913
1.23844428948033,0.200036838094097,0.928456454553733,-0.333267748753852,-0.000525605654588621,0.136548019014913
1.60907045390551,0.200036838094097,0.928456454553733,-0.333267748753852,-0.000525605654588621,0.136548019014913
1.4888879734013,0.200036838094097,0.928456454553733,-0.333267748753852,-0.000525605654588621,0.136548019014913
1.08310886906261,0.200036838094097,0.928456454553733,-0.333267748753852,-0.000525605654588621,0.136548019014913
1.46098683452405,0.200036838094097,0.928456454553733,-0.333267748753852,-0.000525605654588621,0.136548019014913
1.35528951389516,0.200036838094097,0.928456454553733,-0.333267748753852,-0.000525605654588621,0.136548019014913
1.3130036375217,0.200036838094097,0.928456454553733,-0.333267748753852,-0.000525605654588621,0.136548019014913
1.40220461596666,0.200036838094097,0.928456454553733,-0.333267748753852,-0.000525605654588621,0.136548019014913
1.32717234007898,0.200036838094097,0.928456454553733,-0.333267748753852,-0.000525605654588621,0.136548019014913
1.24937525942623,0.200036838094097,0.928456454553733,-0.333267748753852,-0.000525605654588621,0.136548019014913
1.4026634450087,0.200036838094097,0.928456454553733,-0.333267748753852,-0.000525605654588621,0.136548019014913
1.57776333097995,0.200036838094097,0.928456454553733,-0.333267748753852,-0.000525605654588621,0.136548019014913
1.28516397171478,0.200036838094097,0.928456454553733,-0.333267748753852,-0.000525605654588621,0.136548019014913
1.51431406879497,0.200036838094097,0.928456454553733,-0.333267748753852,-0.000525605654588621,0.136548019014913
1.14239503568969,0.200036838094097,0.928456454553733,-0.333267748753852,-0.000525605654588621,0.136548019014913
1.65829016727959,0.200036838094097,0.928456454553733,-0.333267748753852,-0.000525605654588621,0.136548019014913
1.29420128133323,0.200036838094097,0.928456454553733,-0.333267748753852,-0.000525605654588621,0.136548019014913
1.30182578700596,0.200036838094097,0.928456454553733,-0.333267748753852,-0.000525605654588621,0.136548019014913
1.43187461034944,0.200036838094097,0.928456454553733,-0.333267748753852,-0.000525605654588621,0.136548019014913
1.32569210566021,0.200036838094097,0.928456454553733,-0.333267748753852,-0.000525605654588621,0.136548019014913
1.44685784966033,0.200036838094097,0.928456454553733,-0.333267748753852,-0.000525605654588621,0.136548019014913
1.51445140203103,0.200036838094097,0.928456454553733,-0.333267748753852,-0.000525605654588621,0.136548019014913
1.3315515516786,0.200036838094097,0.928456454553733,-0.333267748753852,-0.000525605654588621,0.136548019014913
1.50443207894415,0.200036838094097,0.928456454553733,-0.333267748753852,-0.000525605654588621,0.136548019014913
1.37728380517894,0.200036838094097,0.928456454553733,-0.333267748753852,-0.000525605654588621,0.136548019014913
1.16416571619627,0.200036838094097,0.928456454553733,-0.333267748753852,-0.000525605654588621,0.136548019014913
1.40030471018792,0.200036838094097,0.928456454553733,-0.333267748753852,-0.000525605654588621,0.136548019014913
1.42981876126766,0.200036838094097,0.928456454553733,-0.333267748753852,-0.000525605654588621,0.136548019014913
1.51303262282079,0.200036838094097,0.928456454553733,-0.333267748753852,-0.000525605654588621,0.136548019014913
1.49609944756575,0.200036838094097,0.928456454553733,-0.333267748753852,-0.000525605654588621,0.136548019014913
1.21971656124645,0.200036838094097,0.928456454553733,-0.333267748753852,-0.000525605654588621,0.136548019014913
1.49078549544174,0.200036838094097,0.928456454553733,-0.333267748753852,-0.000525605654588621,0.136548019014913
1.34990120376295,0.200036838094097,0.928456454553733,-0.333267748753852,-0.000525605654588621,0.136548019014913
1.36092662628196,0.200036838094097,0.928456454553733,-0.333267748753852,-0.000525605654588621,0.136548019014913
1.1871746953269,0.200036838094097,0.928456454553733,-0.333267748753852,-0.000525605654588621,0.136548019014913
1.47354302203168,0.200036838094097,0.928456454553733,-0.333267748753852,-0.000525605654588621,0.136548019014913
1.52771608372755,0.200036838094097,0.928456454553733,-0.333267748753852,-0.000525605654588621,0.136548019014913
1.4611894560306,0.200036838094097,0.928456454553733,-0.333267748753852,-0.000525605654588621,0.136548019014913
1.55638063238443,0.200036838094097,0.928456454553733,-0.333267748753852,-0.000525605654588621,0.136548019014913
1.47644616969364,0.200036838094097,0.928456454553733,-0.333267748753852,-0.000525605654588621,0.136548019014913
1.41791609398358,0.200036838094097,0.928456454553733,-0.333267748753852,-0.000525605654588621,0.136548019014913
1.23346135857066,0.200036838094097,0.928456454553733,-0.333267748753852,-0.000525605654588621,0.136548019014913
1.47598020460595,0.200036838094097,0.928456454553733,-0.333267748753852,-0.000525605654588621,0.136548019014913
1.24190177204029,0.200036838094097,0.928456454553733,-0.333267748753852,-0.000525605654588621,0.136548019014913
1.446379853413,0.200036838094097,0.928456454553733,-0.333267748753852,-0.000525605654588621,0.136548019014913
1.33415361317426,0.200036838094097,0.928456454553733,-0.333267748753852,-0.000525605654588621,0.136548019014913
1.31540718889827,0.200036838094097,0.928456454553733,-0.333267748753852,-0.000525605654588621,0.136548019014913
1.57252044650604,0.200036838094097,0.928456454553733,-0.333267748753852,-0.000525605654588621,0.136548019014913
1.37332616625769,0.200036838094097,0.928456454553733,-0.333267748753852,-0.000525605654588621,0.136548019014913
1.43843918222932,0.200036838094097,0.928456454553733,-0.333267748753852,-0.000525605654588621,0.136548019014913
1.36137369764072,0.200036838094097,0.928456454553733,-0.333267748753852,-0.000525605654588621,0.136548019014913
1.4473166712072,0.200036838094097,0.928456454553733,-0.333267748753852,-0.000525605654588621,0.136548019014913
1.69566991695245,0.200036838094097,0.928456454553733,-0.333267748753852,-0.000525605654588621,0.136548019014913
1.35223574264661,0.200036838094097,0.928456454553733,-0.333267748753852,-0.000525605654588621,0.136548019014913
1.39694278144147,0.200036838094097,0.928456454553733,-0.333267748753852,-0.000525605654588621,0.136548019014913
1.57711131877273,0.200036838094097,0.928456454553733,-0.333267748753852,-0.000525605654588621,0.136548019014913
1.42015453285835,0.200036838094097,0.928456454553733,-0.333267748753852,-0.000525605654588621,0.136548019014913
1.2218363638865,0.200036838094097,0.928456454553733,-0.333267748753852,-0.000525605654588621,0.136548019014913
1.50195350608061,0.200036838094097,0.928456454553733,-0.333267748753852,-0.000525605654588621,0.136548019014913
1.42798113151582,0.200036838094097,0.928456454553733,-0.333267748753852,-0.000525605654588621,0.136548019014913
1.51815787512228,0.200036838094097,0.928456454553733,-0.333267748753852,-0.000525605654588621,0.136548019014913
1.44135755803193,0.200036838094097,0.928456454553733,-0.333267748753852,-0.000525605654588621,0.136548019014913
1.42793779262356,0.200036838094097,0.928456454553733,-0.333267748753852,-0.000525605654588621,0.136548019014913
1.67486636567541,0.200036838094097,0.928456454553733,-0.333267748753852,-0.000525605654588621,0.136548019014913
1.3963085855564,0.200036838094097,0.928456454553733,-0.333267748753852,-0.000525605654588621,0.136548019014913
1.4626275894602,0.200036838094097,0.928456454553733,-0.333267748753852,-0.000525605654588621,0.136548019014913
1.45075230335434,0.200036838094097,0.928456454553733,-0.333267748753852,-0.000525605654588621,0.136548019014913
1.3064225232902,0.200036838094097,0.928456454553733,-0.333267748753852,-0.000525605654588621,0.136548019014913
1.55645908935663,0.200036838094097,0.928456454553733,-0.333267748753852,-0.000525605654588621,0.136548019014913
1.40760539935596,0.200036838094097,0.928456454553733,-0.333267748753852,-0.000525605654588621,0.136548019014913
1.07025248100148,0.200036838094097,0.928456454553733,-0.333267748753852,-0.000525605654588621,0.136548019014913
1.42844009924037,0.200036838094097,0.928456454553733,-0.333267748753852,-0.000525605654588621,0.136548019014913
1.41146180356984,0.200036838094097,0.928456454553733,-0.333267748753852,-0.000525605654588621,0.136548019014913
1.66883830139265,0.200036838094097,0.928456454553733,-0.333267748753852,-0.000525605654588621,0.136548019014913
1.63411113422689,0.200036838094097,0.928456454553733,-0.333267748753852,-0.000525605654588621,0.136548019014913
1.39661083940867,0.200036838094097,0.928456454553733,-0.333267748753852,-0.000525605654588621,0.136548019014913
1.41351932125579,0.200036838094097,0.928456454553733,-0.333267748753852,-0.000525605654588621,0.136548019014913
1.59320954668885,0.200036838094097,0.928456454553733,-0.333267748753852,-0.000525605654588621,0.136548019014913
1.40232076487669,0.200036838094097,0.928456454553733,-0.333267748753852,-0.000525605654588621,0.136548019014913
1.28445636081761,0.200036838094097,0.928456454553733,-0.333267748753852,-0.000525605654588621,0.136548019014913
1.4141790953956,0.200036838094097,0.928456454553733,-0.333267748753852,-0.000525605654588621,0.136548019014913
1.59397789909204,0.200036838094097,0.928456454553733,-0.333267748753852,-0.000525605654588621,0.136548019014913
1.19032162836162,0.200036838094097,0.928456454553733,-0.333267748753852,-0.000525605654588621,0.136548019014913
1.31358934050955,0.200036838094097,0.928456454553733,-0.333267748753852,-0.000525605654588621,0.136548019014913
1.19696978242001,0.200036838094097,0.928456454553733,-0.333267748753852,-0.000525605654588621,0.136548019014913
1.33913091838724,0.200036838094097,0.928456454553733,-0.333267748753852,-0.000525605654588621,0.136548019014913
1.37997663447926,0.200036838094097,0.928456454553733,-0.333267748753852,-0.000525605654588621,0.136548019014913
1.14333467648316,0.200036838094097,0.928456454553733,-0.333267748753852,-0.000525605654588621,0.136548019014913
1.38656398468057,0.200036838094097,0.928456454553733,-0.333267748753852,-0.000525605654588621,0.136548019014913
1.24261655350898,0.200036838094097,0.928456454553733,-0.333267748753852,-0.000525605654588621,0.136548019014913
