"V1","V2","V3","V4","V5","V6"
1.64012407028644,0.0940435913311627,0.972632294559652,-0.353206203219653,-0.00018715672801767,0.139742936096292
1.72178808192336,0.0940435913311627,0.972632294559652,-0.353206203219653,-0.00018715672801767,0.139742936096292
1.76590111881184,0.0940435913311627,0.972632294559652,-0.353206203219653,-0.00018715672801767,0.139742936096292
1.54566837241062,0.0940435913311627,0.972632294559652,-0.353206203219653,-0.00018715672801767,0.139742936096292
1.53187445661172,0.0940435913311627,0.972632294559652,-0.353206203219653,-0.00018715672801767,0.139742936096292
1.63177157256708,0.0940435913311627,0.972632294559652,-0.353206203219653,-0.00018715672801767,0.139742936096292
1.73554330915821,0.0940435913311627,0.972632294559652,-0.353206203219653,-0.00018715672801767,0.139742936096292
1.39496262797337,0.0940435913311627,0.972632294559652,-0.353206203219653,-0.00018715672801767,0.139742936096292
1.53794884995442,0.0940435913311627,0.972632294559652,-0.353206203219653,-0.00018715672801767,0.139742936096292
1.54451388778915,0.0940435913311627,0.972632294559652,-0.353206203219653,-0.00018715672801767,0.139742936096292
1.37939468283578,0.0940435913311627,0.972632294559652,-0.353206203219653,-0.00018715672801767,0.139742936096292
1.99071834111712,0.0940435913311627,0.972632294559652,-0.353206203219653,-0.00018715672801767,0.139742936096292
1.69556255348458,0.0940435913311627,0.972632294559652,-0.353206203219653,-0.00018715672801767,0.139742936096292
1.51815740933863,0.0940435913311627,0.972632294559652,-0.353206203219653,-0.00018715672801767,0.139742936096292
1.58594588142626,0.0940435913311627,0.972632294559652,-0.353206203219653,-0.00018715672801767,0.139742936096292
1.3800179002208,0.0940435913311627,0.972632294559652,-0.353206203219653,-0.00018715672801767,0.139742936096292
1.5516150032816,0.0940435913311627,0.972632294559652,-0.353206203219653,-0.00018715672801767,0.139742936096292
1.16624306770814,0.0940435913311627,0.972632294559652,-0.353206203219653,-0.00018715672801767,0.139742936096292
1.62862270602489,0.0940435913311627,0.972632294559652,-0.353206203219653,-0.00018715672801767,0.139742936096292
1.56185906953887,0.0940435913311627,0.972632294559652,-0.353206203219653,-0.00018715672801767,0.139742936096292
1.50299125590736,0.0940435913311627,0.972632294559652,-0.353206203219653,-0.00018715672801767,0.139742936096292
1.44196567353663,0.0940435913311627,0.972632294559652,-0.353206203219653,-0.00018715672801767,0.139742936096292
1.64840249297323,0.0940435913311627,0.972632294559652,-0.353206203219653,-0.00018715672801767,0.139742936096292
1.70313825586873,0.0940435913311627,0.972632294559652,-0.353206203219653,-0.00018715672801767,0.139742936096292
1.54225968371378,0.0940435913311627,0.972632294559652,-0.353206203219653,-0.00018715672801767,0.139742936096292
1.50086371543803,0.0940435913311627,0.972632294559652,-0.353206203219653,-0.00018715672801767,0.139742936096292
1.73853362145204,0.0940435913311627,0.972632294559652,-0.353206203219653,-0.00018715672801767,0.139742936096292
1.65236095333281,0.0940435913311627,0.972632294559652,-0.353206203219653,-0.00018715672801767,0.139742936096292
1.41248037743356,0.0940435913311627,0.972632294559652,-0.353206203219653,-0.00018715672801767,0.139742936096292
1.3512141177188,0.0940435913311627,0.972632294559652,-0.353206203219653,-0.00018715672801767,0.139742936096292
1.69938491411242,0.0940435913311627,0.972632294559652,-0.353206203219653,-0.00018715672801767,0.139742936096292
1.761658878958,0.0940435913311627,0.972632294559652,-0.353206203219653,-0.00018715672801767,0.139742936096292
1.57064685180792,0.0940435913311627,0.972632294559652,-0.353206203219653,-0.00018715672801767,0.139742936096292
1.53403026901666,0.0940435913311627,0.972632294559652,-0.353206203219653,-0.00018715672801767,0.139742936096292
1.69767474256143,0.0940435913311627,0.972632294559652,-0.353206203219653,-0.00018715672801767,0.139742936096292
1.52557738880793,0.0940435913311627,0.972632294559652,-0.353206203219653,-0.00018715672801767,0.139742936096292
1.64608160620945,0.0940435913311627,0.972632294559652,-0.353206203219653,-0.00018715672801767,0.139742936096292
1.39093326872777,0.0940435913311627,0.972632294559652,-0.353206203219653,-0.00018715672801767,0.139742936096292
1.62652998165922,0.0940435913311627,0.972632294559652,-0.353206203219653,-0.00018715672801767,0.139742936096292
1.83191475681279,0.0940435913311627,0.972632294559652,-0.353206203219653,-0.00018715672801767,0.139742936096292
1.22047721628573,0.0940435913311627,0.972632294559652,-0.353206203219653,-0.00018715672801767,0.139742936096292
1.85620769084229,0.0940435913311627,0.972632294559652,-0.353206203219653,-0.00018715672801767,0.139742936096292
1.43808249793789,0.0940435913311627,0.972632294559652,-0.353206203219653,-0.00018715672801767,0.139742936096292
1.53725323848676,0.0940435913311627,0.972632294559652,-0.353206203219653,-0.00018715672801767,0.139742936096292
1.75638760875704,0.0940435913311627,0.972632294559652,-0.353206203219653,-0.00018715672801767,0.139742936096292
1.83560043543352,0.0940435913311627,0.972632294559652,-0.353206203219653,-0.00018715672801767,0.139742936096292
1.71571819668194,0.0940435913311627,0.972632294559652,-0.353206203219653,-0.00018715672801767,0.139742936096292
1.29348685451,0.0940435913311627,0.972632294559652,-0.353206203219653,-0.00018715672801767,0.139742936096292
1.64807212239177,0.0940435913311627,0.972632294559652,-0.353206203219653,-0.00018715672801767,0.139742936096292
1.5290134964336,0.0940435913311627,0.972632294559652,-0.353206203219653,-0.00018715672801767,0.139742936096292
1.68008091577138,0.0940435913311627,0.972632294559652,-0.353206203219653,-0.00018715672801767,0.139742936096292
1.62734573906117,0.0940435913311627,0.972632294559652,-0.353206203219653,-0.00018715672801767,0.139742936096292
1.86743419276783,0.0940435913311627,0.972632294559652,-0.353206203219653,-0.00018715672801767,0.139742936096292
1.67617521108385,0.0940435913311627,0.972632294559652,-0.353206203219653,-0.00018715672801767,0.139742936096292
1.56739598443182,0.0940435913311627,0.972632294559652,-0.353206203219653,-0.00018715672801767,0.139742936096292
1.66723431335102,0.0940435913311627,0.972632294559652,-0.353206203219653,-0.00018715672801767,0.139742936096292
1.63059458843075,0.0940435913311627,0.972632294559652,-0.353206203219653,-0.00018715672801767,0.139742936096292
1.87572960584692,0.0940435913311627,0.972632294559652,-0.353206203219653,-0.00018715672801767,0.139742936096292
1.37094491032804,0.0940435913311627,0.972632294559652,-0.353206203219653,-0.00018715672801767,0.139742936096292
1.65870187935078,0.0940435913311627,0.972632294559652,-0.353206203219653,-0.00018715672801767,0.139742936096292
1.1981394502156,0.0940435913311627,0.972632294559652,-0.353206203219653,-0.00018715672801767,0.139742936096292
1.70213859975913,0.0940435913311627,0.972632294559652,-0.353206203219653,-0.00018715672801767,0.139742936096292
1.26198623048364,0.0940435913311627,0.972632294559652,-0.353206203219653,-0.00018715672801767,0.139742936096292
1.6618419491258,0.0940435913311627,0.972632294559652,-0.353206203219653,-0.00018715672801767,0.139742936096292
1.63399321323256,0.0940435913311627,0.972632294559652,-0.353206203219653,-0.00018715672801767,0.139742936096292
1.76872071163178,0.0940435913311627,0.972632294559652,-0.353206203219653,-0.00018715672801767,0.139742936096292
1.69292449680236,0.0940435913311627,0.972632294559652,-0.353206203219653,-0.00018715672801767,0.139742936096292
1.53624308950435,0.0940435913311627,0.972632294559652,-0.353206203219653,-0.00018715672801767,0.139742936096292
1.76035869336344,0.0940435913311627,0.972632294559652,-0.353206203219653,-0.00018715672801767,0.139742936096292
1.64904001916937,0.0940435913311627,0.972632294559652,-0.353206203219653,-0.00018715672801767,0.139742936096292
1.50233138523898,0.0940435913311627,0.972632294559652,-0.353206203219653,-0.00018715672801767,0.139742936096292
1.34583473532024,0.0940435913311627,0.972632294559652,-0.353206203219653,-0.00018715672801767,0.139742936096292
1.61792839851094,0.0940435913311627,0.972632294559652,-0.353206203219653,-0.00018715672801767,0.139742936096292
1.476141926863,0.0940435913311627,0.972632294559652,-0.353206203219653,-0.00018715672801767,0.139742936096292
1.7862247536619,0.0940435913311627,0.972632294559652,-0.353206203219653,-0.00018715672801767,0.139742936096292
1.58947820845357,0.0940435913311627,0.972632294559652,-0.353206203219653,-0.00018715672801767,0.139742936096292
1.61536047270133,0.0940435913311627,0.972632294559652,-0.353206203219653,-0.00018715672801767,0.139742936096292
1.50366455102588,0.0940435913311627,0.972632294559652,-0.353206203219653,-0.00018715672801767,0.139742936096292
1.57629169651971,0.0940435913311627,0.972632294559652,-0.353206203219653,-0.00018715672801767,0.139742936096292
1.85778764212595,0.0940435913311627,0.972632294559652,-0.353206203219653,-0.00018715672801767,0.139742936096292
1.56598306190753,0.0940435913311627,0.972632294559652,-0.353206203219653,-0.00018715672801767,0.139742936096292
1.78333350991291,0.0940435913311627,0.972632294559652,-0.353206203219653,-0.00018715672801767,0.139742936096292
1.55088486377715,0.0940435913311627,0.972632294559652,-0.353206203219653,-0.00018715672801767,0.139742936096292
1.58244167627744,0.0940435913311627,0.972632294559652,-0.353206203219653,-0.00018715672801767,0.139742936096292
1.60538408455614,0.0940435913311627,0.972632294559652,-0.353206203219653,-0.00018715672801767,0.139742936096292
1.54566891272703,0.0940435913311627,0.972632294559652,-0.353206203219653,-0.00018715672801767,0.139742936096292
1.59594381411902,0.0940435913311627,0.972632294559652,-0.353206203219653,-0.00018715672801767,0.139742936096292
1.60661273104647,0.0940435913311627,0.972632294559652,-0.353206203219653,-0.00018715672801767,0.139742936096292
1.79393905768384,0.0940435913311627,0.972632294559652,-0.353206203219653,-0.00018715672801767,0.139742936096292
1.47759200199639,0.0940435913311627,0.972632294559652,-0.353206203219653,-0.00018715672801767,0.139742936096292
1.53925573897415,0.0940435913311627,0.972632294559652,-0.353206203219653,-0.00018715672801767,0.139742936096292
1.60774505053083,0.0940435913311627,0.972632294559652,-0.353206203219653,-0.00018715672801767,0.139742936096292
1.50397255784877,0.0940435913311627,0.972632294559652,-0.353206203219653,-0.00018715672801767,0.139742936096292
1.57629195069604,0.0940435913311627,0.972632294559652,-0.353206203219653,-0.00018715672801767,0.139742936096292
1.86604429199292,0.0940435913311627,0.972632294559652,-0.353206203219653,-0.00018715672801767,0.139742936096292
1.56807110181558,0.0940435913311627,0.972632294559652,-0.353206203219653,-0.00018715672801767,0.139742936096292
1.66704734977776,0.0940435913311627,0.972632294559652,-0.353206203219653,-0.00018715672801767,0.139742936096292
1.51712549407276,0.0940435913311627,0.972632294559652,-0.353206203219653,-0.00018715672801767,0.139742936096292
1.58349046732143,0.0940435913311627,0.972632294559652,-0.353206203219653,-0.00018715672801767,0.139742936096292
1.66653957688103,0.0940435913311627,0.972632294559652,-0.353206203219653,-0.00018715672801767,0.139742936096292
1.75431180887024,0.0940435913311627,0.972632294559652,-0.353206203219653,-0.00018715672801767,0.139742936096292
1.64807212239177,0.0940435913311627,0.972632294559652,-0.353206203219653,-0.00018715672801767,0.139742936096292
1.74384997747523,0.0940435913311627,0.972632294559652,-0.353206203219653,-0.00018715672801767,0.139742936096292
1.38695972723612,0.0940435913311627,0.972632294559652,-0.353206203219653,-0.00018715672801767,0.139742936096292
1.36065259080163,0.0940435913311627,0.972632294559652,-0.353206203219653,-0.00018715672801767,0.139742936096292
1.67945822750459,0.0940435913311627,0.972632294559652,-0.353206203219653,-0.00018715672801767,0.139742936096292
1.65414522529071,0.0940435913311627,0.972632294559652,-0.353206203219653,-0.00018715672801767,0.139742936096292
1.787310956754,0.0940435913311627,0.972632294559652,-0.353206203219653,-0.00018715672801767,0.139742936096292
1.52326869712659,0.0940435913311627,0.972632294559652,-0.353206203219653,-0.00018715672801767,0.139742936096292
1.36165116565261,0.0940435913311627,0.972632294559652,-0.353206203219653,-0.00018715672801767,0.139742936096292
1.66770994853383,0.0940435913311627,0.972632294559652,-0.353206203219653,-0.00018715672801767,0.139742936096292
1.47286514563748,0.0940435913311627,0.972632294559652,-0.353206203219653,-0.00018715672801767,0.139742936096292
1.73247206761481,0.0940435913311627,0.972632294559652,-0.353206203219653,-0.00018715672801767,0.139742936096292
1.40329164048487,0.0940435913311627,0.972632294559652,-0.353206203219653,-0.00018715672801767,0.139742936096292
1.58185050004721,0.0940435913311627,0.972632294559652,-0.353206203219653,-0.00018715672801767,0.139742936096292
1.78190325298748,0.0940435913311627,0.972632294559652,-0.353206203219653,-0.00018715672801767,0.139742936096292
1.59947848751228,0.0940435913311627,0.972632294559652,-0.353206203219653,-0.00018715672801767,0.139742936096292
1.6039636644212,0.0940435913311627,0.972632294559652,-0.353206203219653,-0.00018715672801767,0.139742936096292
1.55190947645552,0.0940435913311627,0.972632294559652,-0.353206203219653,-0.00018715672801767,0.139742936096292
1.45878883345705,0.0940435913311627,0.972632294559652,-0.353206203219653,-0.00018715672801767,0.139742936096292
1.67893665255988,0.0940435913311627,0.972632294559652,-0.353206203219653,-0.00018715672801767,0.139742936096292
1.61941704186222,0.0940435913311627,0.972632294559652,-0.353206203219653,-0.00018715672801767,0.139742936096292
1.41981927368377,0.0940435913311627,0.972632294559652,-0.353206203219653,-0.00018715672801767,0.139742936096292
1.51189364212308,0.0940435913311627,0.972632294559652,-0.353206203219653,-0.00018715672801767,0.139742936096292
1.69751113922315,0.0940435913311627,0.972632294559652,-0.353206203219653,-0.00018715672801767,0.139742936096292
1.70903528182768,0.0940435913311627,0.972632294559652,-0.353206203219653,-0.00018715672801767,0.139742936096292
1.46130362045272,0.0940435913311627,0.972632294559652,-0.353206203219653,-0.00018715672801767,0.139742936096292
1.40250012155218,0.0940435913311627,0.972632294559652,-0.353206203219653,-0.00018715672801767,0.139742936096292
1.8012109875203,0.0940435913311627,0.972632294559652,-0.353206203219653,-0.00018715672801767,0.139742936096292
1.57999454931953,0.0940435913311627,0.972632294559652,-0.353206203219653,-0.00018715672801767,0.139742936096292
1.55762677675595,0.0940435913311627,0.972632294559652,-0.353206203219653,-0.00018715672801767,0.139742936096292
1.63560980946643,0.0940435913311627,0.972632294559652,-0.353206203219653,-0.00018715672801767,0.139742936096292
1.78657468165114,0.0940435913311627,0.972632294559652,-0.353206203219653,-0.00018715672801767,0.139742936096292
1.68759616685186,0.0940435913311627,0.972632294559652,-0.353206203219653,-0.00018715672801767,0.139742936096292
1.60262331929463,0.0940435913311627,0.972632294559652,-0.353206203219653,-0.00018715672801767,0.139742936096292
1.70527857451527,0.0940435913311627,0.972632294559652,-0.353206203219653,-0.00018715672801767,0.139742936096292
1.64920544101125,0.0940435913311627,0.972632294559652,-0.353206203219653,-0.00018715672801767,0.139742936096292
1.73607730254063,0.0940435913311627,0.972632294559652,-0.353206203219653,-0.00018715672801767,0.139742936096292
1.54904283297127,0.0940435913311627,0.972632294559652,-0.353206203219653,-0.00018715672801767,0.139742936096292
1.56304402096508,0.0940435913311627,0.972632294559652,-0.353206203219653,-0.00018715672801767,0.139742936096292
1.35952149989076,0.0940435913311627,0.972632294559652,-0.353206203219653,-0.00018715672801767,0.139742936096292
1.47288291183882,0.0940435913311627,0.972632294559652,-0.353206203219653,-0.00018715672801767,0.139742936096292
1.4350560356784,0.0940435913311627,0.972632294559652,-0.353206203219653,-0.00018715672801767,0.139742936096292
1.38156571442685,0.0940435913311627,0.972632294559652,-0.353206203219653,-0.00018715672801767,0.139742936096292
1.53401271676435,0.0940435913311627,0.972632294559652,-0.353206203219653,-0.00018715672801767,0.139742936096292
1.62262111384502,0.0940435913311627,0.972632294559652,-0.353206203219653,-0.00018715672801767,0.139742936096292
1.63518388551877,0.0940435913311627,0.972632294559652,-0.353206203219653,-0.00018715672801767,0.139742936096292
1.67324332364759,0.0940435913311627,0.972632294559652,-0.353206203219653,-0.00018715672801767,0.139742936096292
1.57999454931953,0.0940435913311627,0.972632294559652,-0.353206203219653,-0.00018715672801767,0.139742936096292
1.31803004401807,0.0940435913311627,0.972632294559652,-0.353206203219653,-0.00018715672801767,0.139742936096292
1.53140549174904,0.0940435913311627,0.972632294559652,-0.353206203219653,-0.00018715672801767,0.139742936096292
1.56895719663918,0.0940435913311627,0.972632294559652,-0.353206203219653,-0.00018715672801767,0.139742936096292
1.75049616337923,0.0940435913311627,0.972632294559652,-0.353206203219653,-0.00018715672801767,0.139742936096292
1.41862940634705,0.0940435913311627,0.972632294559652,-0.353206203219653,-0.00018715672801767,0.139742936096292
1.65379124489171,0.0940435913311627,0.972632294559652,-0.353206203219653,-0.00018715672801767,0.139742936096292
1.3636154570538,0.0940435913311627,0.972632294559652,-0.353206203219653,-0.00018715672801767,0.139742936096292
1.59505234304824,0.0940435913311627,0.972632294559652,-0.353206203219653,-0.00018715672801767,0.139742936096292
1.57521805695254,0.0940435913311627,0.972632294559652,-0.353206203219653,-0.00018715672801767,0.139742936096292
1.69416529172878,0.0940435913311627,0.972632294559652,-0.353206203219653,-0.00018715672801767,0.139742936096292
1.78852633026197,0.0940435913311627,0.972632294559652,-0.353206203219653,-0.00018715672801767,0.139742936096292
1.55645638697099,0.0940435913311627,0.972632294559652,-0.353206203219653,-0.00018715672801767,0.139742936096292
1.54093066410428,0.0940435913311627,0.972632294559652,-0.353206203219653,-0.00018715672801767,0.139742936096292
1.65684664767809,0.0940435913311627,0.972632294559652,-0.353206203219653,-0.00018715672801767,0.139742936096292
1.51811560251127,0.0940435913311627,0.972632294559652,-0.353206203219653,-0.00018715672801767,0.139742936096292
1.61802767540869,0.0940435913311627,0.972632294559652,-0.353206203219653,-0.00018715672801767,0.139742936096292
1.66231521609771,0.0940435913311627,0.972632294559652,-0.353206203219653,-0.00018715672801767,0.139742936096292
1.58547763514622,0.0940435913311627,0.972632294559652,-0.353206203219653,-0.00018715672801767,0.139742936096292
1.35657316402854,0.0940435913311627,0.972632294559652,-0.353206203219653,-0.00018715672801767,0.139742936096292
1.53978362693527,0.0940435913311627,0.972632294559652,-0.353206203219653,-0.00018715672801767,0.139742936096292
1.50901101565659,0.0940435913311627,0.972632294559652,-0.353206203219653,-0.00018715672801767,0.139742936096292
1.66899964322696,0.0940435913311627,0.972632294559652,-0.353206203219653,-0.00018715672801767,0.139742936096292
1.84434613041346,0.0940435913311627,0.972632294559652,-0.353206203219653,-0.00018715672801767,0.139742936096292
1.57539602521306,0.0940435913311627,0.972632294559652,-0.353206203219653,-0.00018715672801767,0.139742936096292
1.5046825585288,0.0940435913311627,0.972632294559652,-0.353206203219653,-0.00018715672801767,0.139742936096292
1.4456118821794,0.0940435913311627,0.972632294559652,-0.353206203219653,-0.00018715672801767,0.139742936096292
1.52309049693718,0.0940435913311627,0.972632294559652,-0.353206203219653,-0.00018715672801767,0.139742936096292
1.67341512985062,0.0940435913311627,0.972632294559652,-0.353206203219653,-0.00018715672801767,0.139742936096292
1.82687566251725,0.0940435913311627,0.972632294559652,-0.353206203219653,-0.00018715672801767,0.139742936096292
1.33380453901786,0.0940435913311627,0.972632294559652,-0.353206203219653,-0.00018715672801767,0.139742936096292
1.4779265830225,0.0940435913311627,0.972632294559652,-0.353206203219653,-0.00018715672801767,0.139742936096292
1.77827261656979,0.0940435913311627,0.972632294559652,-0.353206203219653,-0.00018715672801767,0.139742936096292
1.91713518738019,0.0940435913311627,0.972632294559652,-0.353206203219653,-0.00018715672801767,0.139742936096292
1.63696712844728,0.0940435913311627,0.972632294559652,-0.353206203219653,-0.00018715672801767,0.139742936096292
1.48342869828646,0.0940435913311627,0.972632294559652,-0.353206203219653,-0.00018715672801767,0.139742936096292
1.58905791636364,0.0940435913311627,0.972632294559652,-0.353206203219653,-0.00018715672801767,0.139742936096292
1.61548898403155,0.0940435913311627,0.972632294559652,-0.353206203219653,-0.00018715672801767,0.139742936096292
1.643508204935,0.0940435913311627,0.972632294559652,-0.353206203219653,-0.00018715672801767,0.139742936096292
1.64040442043585,0.0940435913311627,0.972632294559652,-0.353206203219653,-0.00018715672801767,0.139742936096292
1.41495073988473,0.0940435913311627,0.972632294559652,-0.353206203219653,-0.00018715672801767,0.139742936096292
1.75396826419783,0.0940435913311627,0.972632294559652,-0.353206203219653,-0.00018715672801767,0.139742936096292
1.62601719572647,0.0940435913311627,0.972632294559652,-0.353206203219653,-0.00018715672801767,0.139742936096292
1.55339080083598,0.0940435913311627,0.972632294559652,-0.353206203219653,-0.00018715672801767,0.139742936096292
1.85962985462467,0.0940435913311627,0.972632294559652,-0.353206203219653,-0.00018715672801767,0.139742936096292
1.50202099966831,0.0940435913311627,0.972632294559652,-0.353206203219653,-0.00018715672801767,0.139742936096292
1.45420140236617,0.0940435913311627,0.972632294559652,-0.353206203219653,-0.00018715672801767,0.139742936096292
1.75580931044043,0.0940435913311627,0.972632294559652,-0.353206203219653,-0.00018715672801767,0.139742936096292
1.56691447595459,0.0940435913311627,0.972632294559652,-0.353206203219653,-0.00018715672801767,0.139742936096292
1.54056680709691,0.0940435913311627,0.972632294559652,-0.353206203219653,-0.00018715672801767,0.139742936096292
1.60212642740265,0.0940435913311627,0.972632294559652,-0.353206203219653,-0.00018715672801767,0.139742936096292
1.58476900871361,0.0940435913311627,0.972632294559652,-0.353206203219653,-0.00018715672801767,0.139742936096292
1.77108686862074,0.0940435913311627,0.972632294559652,-0.353206203219653,-0.00018715672801767,0.139742936096292
1.63441939696679,0.0940435913311627,0.972632294559652,-0.353206203219653,-0.00018715672801767,0.139742936096292
1.52268312176648,0.0940435913311627,0.972632294559652,-0.353206203219653,-0.00018715672801767,0.139742936096292
1.75341972028338,0.0940435913311627,0.972632294559652,-0.353206203219653,-0.00018715672801767,0.139742936096292
1.4980391811132,0.0940435913311627,0.972632294559652,-0.353206203219653,-0.00018715672801767,0.139742936096292
1.89155058928722,0.0940435913311627,0.972632294559652,-0.353206203219653,-0.00018715672801767,0.139742936096292
1.40091399289643,0.0940435913311627,0.972632294559652,-0.353206203219653,-0.00018715672801767,0.139742936096292
1.7142839209935,0.0940435913311627,0.972632294559652,-0.353206203219653,-0.00018715672801767,0.139742936096292
1.47760436590901,0.0940435913311627,0.972632294559652,-0.353206203219653,-0.00018715672801767,0.139742936096292
1.79104494788947,0.0940435913311627,0.972632294559652,-0.353206203219653,-0.00018715672801767,0.139742936096292
1.64046406901256,0.0940435913311627,0.972632294559652,-0.353206203219653,-0.00018715672801767,0.139742936096292
1.43858753821183,0.0940435913311627,0.972632294559652,-0.353206203219653,-0.00018715672801767,0.139742936096292
1.77177999518601,0.0940435913311627,0.972632294559652,-0.353206203219653,-0.00018715672801767,0.139742936096292
1.74416937510853,0.0940435913311627,0.972632294559652,-0.353206203219653,-0.00018715672801767,0.139742936096292
1.58214389273043,0.0940435913311627,0.972632294559652,-0.353206203219653,-0.00018715672801767,0.139742936096292
1.89325206649515,0.0940435913311627,0.972632294559652,-0.353206203219653,-0.00018715672801767,0.139742936096292
1.73389078851125,0.0940435913311627,0.972632294559652,-0.353206203219653,-0.00018715672801767,0.139742936096292
1.74250034904175,0.0940435913311627,0.972632294559652,-0.353206203219653,-0.00018715672801767,0.139742936096292
1.64845560390266,0.0940435913311627,0.972632294559652,-0.353206203219653,-0.00018715672801767,0.139742936096292
1.74352895337569,0.0940435913311627,0.972632294559652,-0.353206203219653,-0.00018715672801767,0.139742936096292
1.54253400516306,0.0940435913311627,0.972632294559652,-0.353206203219653,-0.00018715672801767,0.139742936096292
1.53211889035793,0.0940435913311627,0.972632294559652,-0.353206203219653,-0.00018715672801767,0.139742936096292
1.73266548762485,0.0940435913311627,0.972632294559652,-0.353206203219653,-0.00018715672801767,0.139742936096292
1.66164039447624,0.0940435913311627,0.972632294559652,-0.353206203219653,-0.00018715672801767,0.139742936096292
1.79705101913657,0.0940435913311627,0.972632294559652,-0.353206203219653,-0.00018715672801767,0.139742936096292
1.50969465918304,0.0940435913311627,0.972632294559652,-0.353206203219653,-0.00018715672801767,0.139742936096292
1.66967310563491,0.0940435913311627,0.972632294559652,-0.353206203219653,-0.00018715672801767,0.139742936096292
1.80360455136624,0.0940435913311627,0.972632294559652,-0.353206203219653,-0.00018715672801767,0.139742936096292
1.64919553918966,0.0940435913311627,0.972632294559652,-0.353206203219653,-0.00018715672801767,0.139742936096292
1.69197105646465,0.0940435913311627,0.972632294559652,-0.353206203219653,-0.00018715672801767,0.139742936096292
1.7781112742171,0.0940435913311627,0.972632294559652,-0.353206203219653,-0.00018715672801767,0.139742936096292
1.46109591564482,0.0940435913311627,0.972632294559652,-0.353206203219653,-0.00018715672801767,0.139742936096292
1.65543959475427,0.0940435913311627,0.972632294559652,-0.353206203219653,-0.00018715672801767,0.139742936096292
1.38473172935686,0.0940435913311627,0.972632294559652,-0.353206203219653,-0.00018715672801767,0.139742936096292
1.60025511516448,0.0940435913311627,0.972632294559652,-0.353206203219653,-0.00018715672801767,0.139742936096292
1.48839733621208,0.0940435913311627,0.972632294559652,-0.353206203219653,-0.00018715672801767,0.139742936096292
1.49895338236616,0.0940435913311627,0.972632294559652,-0.353206203219653,-0.00018715672801767,0.139742936096292
1.85212214100635,0.0940435913311627,0.972632294559652,-0.353206203219653,-0.00018715672801767,0.139742936096292
1.81250296043079,0.0940435913311627,0.972632294559652,-0.353206203219653,-0.00018715672801767,0.139742936096292
1.62886709721973,0.0940435913311627,0.972632294559652,-0.353206203219653,-0.00018715672801767,0.139742936096292
1.83658375545437,0.0940435913311627,0.972632294559652,-0.353206203219653,-0.00018715672801767,0.139742936096292
1.58021747064677,0.0940435913311627,0.972632294559652,-0.353206203219653,-0.00018715672801767,0.139742936096292
1.63059458843075,0.0940435913311627,0.972632294559652,-0.353206203219653,-0.00018715672801767,0.139742936096292
1.87631275345934,0.0940435913311627,0.972632294559652,-0.353206203219653,-0.00018715672801767,0.139742936096292
1.74339682695181,0.0940435913311627,0.972632294559652,-0.353206203219653,-0.00018715672801767,0.139742936096292
1.50891074152058,0.0940435913311627,0.972632294559652,-0.353206203219653,-0.00018715672801767,0.139742936096292
1.35501560975935,0.0940435913311627,0.972632294559652,-0.353206203219653,-0.00018715672801767,0.139742936096292
1.49202765726255,0.0940435913311627,0.972632294559652,-0.353206203219653,-0.00018715672801767,0.139742936096292
1.72329330114867,0.0940435913311627,0.972632294559652,-0.353206203219653,-0.00018715672801767,0.139742936096292
1.43630244892751,0.0940435913311627,0.972632294559652,-0.353206203219653,-0.00018715672801767,0.139742936096292
1.4953444428032,0.0940435913311627,0.972632294559652,-0.353206203219653,-0.00018715672801767,0.139742936096292
1.76695278187799,0.0940435913311627,0.972632294559652,-0.353206203219653,-0.00018715672801767,0.139742936096292
1.52059998244984,0.0940435913311627,0.972632294559652,-0.353206203219653,-0.00018715672801767,0.139742936096292
1.56771283914938,0.0940435913311627,0.972632294559652,-0.353206203219653,-0.00018715672801767,0.139742936096292
1.52175920695949,0.0940435913311627,0.972632294559652,-0.353206203219653,-0.00018715672801767,0.139742936096292
1.55869302695861,0.0940435913311627,0.972632294559652,-0.353206203219653,-0.00018715672801767,0.139742936096292
1.42047635599439,0.0940435913311627,0.972632294559652,-0.353206203219653,-0.00018715672801767,0.139742936096292
1.75892491753307,0.0940435913311627,0.972632294559652,-0.353206203219653,-0.00018715672801767,0.139742936096292
1.63485718700873,0.0940435913311627,0.972632294559652,-0.353206203219653,-0.00018715672801767,0.139742936096292
1.51714204471134,0.0940435913311627,0.972632294559652,-0.353206203219653,-0.00018715672801767,0.139742936096292
1.74399801246152,0.0940435913311627,0.972632294559652,-0.353206203219653,-0.00018715672801767,0.139742936096292
1.47132597573516,0.0940435913311627,0.972632294559652,-0.353206203219653,-0.00018715672801767,0.139742936096292
1.40708057886111,0.0940435913311627,0.972632294559652,-0.353206203219653,-0.00018715672801767,0.139742936096292
1.49167003051739,0.0940435913311627,0.972632294559652,-0.353206203219653,-0.00018715672801767,0.139742936096292
1.17188797597991,0.0940435913311627,0.972632294559652,-0.353206203219653,-0.00018715672801767,0.139742936096292
1.59112342862208,0.0940435913311627,0.972632294559652,-0.353206203219653,-0.00018715672801767,0.139742936096292
1.64120762054846,0.0940435913311627,0.972632294559652,-0.353206203219653,-0.00018715672801767,0.139742936096292
1.85511954818786,0.0940435913311627,0.972632294559652,-0.353206203219653,-0.00018715672801767,0.139742936096292
1.5720968087217,0.0940435913311627,0.972632294559652,-0.353206203219653,-0.00018715672801767,0.139742936096292
1.47137154270243,0.0940435913311627,0.972632294559652,-0.353206203219653,-0.00018715672801767,0.139742936096292
1.4846733226551,0.0940435913311627,0.972632294559652,-0.353206203219653,-0.00018715672801767,0.139742936096292
1.64739260016951,0.0940435913311627,0.972632294559652,-0.353206203219653,-0.00018715672801767,0.139742936096292
1.65682306285063,0.0940435913311627,0.972632294559652,-0.353206203219653,-0.00018715672801767,0.139742936096292
1.58349046732143,0.0940435913311627,0.972632294559652,-0.353206203219653,-0.00018715672801767,0.139742936096292
1.69071967879564,0.0940435913311627,0.972632294559652,-0.353206203219653,-0.00018715672801767,0.139742936096292
1.34518074153853,0.0940435913311627,0.972632294559652,-0.353206203219653,-0.00018715672801767,0.139742936096292
1.46945571354302,0.0940435913311627,0.972632294559652,-0.353206203219653,-0.00018715672801767,0.139742936096292
1.84075216600517,0.0940435913311627,0.972632294559652,-0.353206203219653,-0.00018715672801767,0.139742936096292
1.47723173722394,0.0940435913311627,0.972632294559652,-0.353206203219653,-0.00018715672801767,0.139742936096292
1.60417620132622,0.0940435913311627,0.972632294559652,-0.353206203219653,-0.00018715672801767,0.139742936096292
1.46517692017775,0.0940435913311627,0.972632294559652,-0.353206203219653,-0.00018715672801767,0.139742936096292
1.67706149546429,0.0940435913311627,0.972632294559652,-0.353206203219653,-0.00018715672801767,0.139742936096292
1.67072904875938,0.0940435913311627,0.972632294559652,-0.353206203219653,-0.00018715672801767,0.139742936096292
1.64768767428841,0.0940435913311627,0.972632294559652,-0.353206203219653,-0.00018715672801767,0.139742936096292
1.80683774779724,0.0940435913311627,0.972632294559652,-0.353206203219653,-0.00018715672801767,0.139742936096292
1.68174998133602,0.0940435913311627,0.972632294559652,-0.353206203219653,-0.00018715672801767,0.139742936096292
1.61164645628089,0.0940435913311627,0.972632294559652,-0.353206203219653,-0.00018715672801767,0.139742936096292
1.62230014597047,0.0940435913311627,0.972632294559652,-0.353206203219653,-0.00018715672801767,0.139742936096292
1.58116740382395,0.0940435913311627,0.972632294559652,-0.353206203219653,-0.00018715672801767,0.139742936096292
1.64250648656398,0.0940435913311627,0.972632294559652,-0.353206203219653,-0.00018715672801767,0.139742936096292
1.61802767540869,0.0940435913311627,0.972632294559652,-0.353206203219653,-0.00018715672801767,0.139742936096292
1.43937827286612,0.0940435913311627,0.972632294559652,-0.353206203219653,-0.00018715672801767,0.139742936096292
1.59780158722334,0.0940435913311627,0.972632294559652,-0.353206203219653,-0.00018715672801767,0.139742936096292
1.67643001736836,0.0940435913311627,0.972632294559652,-0.353206203219653,-0.00018715672801767,0.139742936096292
1.76536322975766,0.0940435913311627,0.972632294559652,-0.353206203219653,-0.00018715672801767,0.139742936096292
1.47872199829234,0.0940435913311627,0.972632294559652,-0.353206203219653,-0.00018715672801767,0.139742936096292
1.59598613365794,0.0940435913311627,0.972632294559652,-0.353206203219653,-0.00018715672801767,0.139742936096292
1.39061824004452,0.0940435913311627,0.972632294559652,-0.353206203219653,-0.00018715672801767,0.139742936096292
1.50360263324112,0.0940435913311627,0.972632294559652,-0.353206203219653,-0.00018715672801767,0.139742936096292
1.7607046525109,0.0940435913311627,0.972632294559652,-0.353206203219653,-0.00018715672801767,0.139742936096292
1.79110025742902,0.0940435913311627,0.972632294559652,-0.353206203219653,-0.00018715672801767,0.139742936096292
1.59436998361426,0.0940435913311627,0.972632294559652,-0.353206203219653,-0.00018715672801767,0.139742936096292
1.67752872163099,0.0940435913311627,0.972632294559652,-0.353206203219653,-0.00018715672801767,0.139742936096292
1.43892630521809,0.0940435913311627,0.972632294559652,-0.353206203219653,-0.00018715672801767,0.139742936096292
1.77633287621164,0.0940435913311627,0.972632294559652,-0.353206203219653,-0.00018715672801767,0.139742936096292
1.40224157836027,0.0940435913311627,0.972632294559652,-0.353206203219653,-0.00018715672801767,0.139742936096292
1.37510315768423,0.0940435913311627,0.972632294559652,-0.353206203219653,-0.00018715672801767,0.139742936096292
1.6689851948851,0.0940435913311627,0.972632294559652,-0.353206203219653,-0.00018715672801767,0.139742936096292
1.54483496187294,0.0940435913311627,0.972632294559652,-0.353206203219653,-0.00018715672801767,0.139742936096292
1.63799417782953,0.0940435913311627,0.972632294559652,-0.353206203219653,-0.00018715672801767,0.139742936096292
1.62022308915638,0.0940435913311627,0.972632294559652,-0.353206203219653,-0.00018715672801767,0.139742936096292
1.45910892992671,0.0940435913311627,0.972632294559652,-0.353206203219653,-0.00018715672801767,0.139742936096292
1.32485921654226,0.0940435913311627,0.972632294559652,-0.353206203219653,-0.00018715672801767,0.139742936096292
1.77334949394463,0.0940435913311627,0.972632294559652,-0.353206203219653,-0.00018715672801767,0.139742936096292
1.98817452774908,0.0940435913311627,0.972632294559652,-0.353206203219653,-0.00018715672801767,0.139742936096292
1.72436871002167,0.0940435913311627,0.972632294559652,-0.353206203219653,-0.00018715672801767,0.139742936096292
1.73663398866626,0.0940435913311627,0.972632294559652,-0.353206203219653,-0.00018715672801767,0.139742936096292
1.44475246203484,0.0940435913311627,0.972632294559652,-0.353206203219653,-0.00018715672801767,0.139742936096292
1.59366070414955,0.0940435913311627,0.972632294559652,-0.353206203219653,-0.00018715672801767,0.139742936096292
1.47835658699762,0.0940435913311627,0.972632294559652,-0.353206203219653,-0.00018715672801767,0.139742936096292
1.54135264427615,0.0940435913311627,0.972632294559652,-0.353206203219653,-0.00018715672801767,0.139742936096292
1.45233236431776,0.0940435913311627,0.972632294559652,-0.353206203219653,-0.00018715672801767,0.139742936096292
1.55380055188688,0.0940435913311627,0.972632294559652,-0.353206203219653,-0.00018715672801767,0.139742936096292
1.58787054105838,0.0940435913311627,0.972632294559652,-0.353206203219653,-0.00018715672801767,0.139742936096292
1.38517885721692,0.0940435913311627,0.972632294559652,-0.353206203219653,-0.00018715672801767,0.139742936096292
2.00834646272227,0.0940435913311627,0.972632294559652,-0.353206203219653,-0.00018715672801767,0.139742936096292
1.70219975306748,0.0940435913311627,0.972632294559652,-0.353206203219653,-0.00018715672801767,0.139742936096292
1.63900227197249,0.0940435913311627,0.972632294559652,-0.353206203219653,-0.00018715672801767,0.139742936096292
1.71847823054058,0.0940435913311627,0.972632294559652,-0.353206203219653,-0.00018715672801767,0.139742936096292
1.64544919117436,0.0940435913311627,0.972632294559652,-0.353206203219653,-0.00018715672801767,0.139742936096292
1.72624756938691,0.0940435913311627,0.972632294559652,-0.353206203219653,-0.00018715672801767,0.139742936096292
1.57424337195665,0.0940435913311627,0.972632294559652,-0.353206203219653,-0.00018715672801767,0.139742936096292
1.47589765234423,0.0940435913311627,0.972632294559652,-0.353206203219653,-0.00018715672801767,0.139742936096292
1.58859667633112,0.0940435913311627,0.972632294559652,-0.353206203219653,-0.00018715672801767,0.139742936096292
1.47872199829234,0.0940435913311627,0.972632294559652,-0.353206203219653,-0.00018715672801767,0.139742936096292
1.64218946169372,0.0940435913311627,0.972632294559652,-0.353206203219653,-0.00018715672801767,0.139742936096292
1.7699538322235,0.0940435913311627,0.972632294559652,-0.353206203219653,-0.00018715672801767,0.139742936096292
1.56659172649148,0.0940435913311627,0.972632294559652,-0.353206203219653,-0.00018715672801767,0.139742936096292
1.73621280840346,0.0940435913311627,0.972632294559652,-0.353206203219653,-0.00018715672801767,0.139742936096292
1.72655793969761,0.0940435913311627,0.972632294559652,-0.353206203219653,-0.00018715672801767,0.139742936096292
1.66946957545973,0.0940435913311627,0.972632294559652,-0.353206203219653,-0.00018715672801767,0.139742936096292
1.60203058434668,0.0940435913311627,0.972632294559652,-0.353206203219653,-0.00018715672801767,0.139742936096292
1.50581850419783,0.0940435913311627,0.972632294559652,-0.353206203219653,-0.00018715672801767,0.139742936096292
1.88973909492015,0.0940435913311627,0.972632294559652,-0.353206203219653,-0.00018715672801767,0.139742936096292
1.39285593274811,0.0940435913311627,0.972632294559652,-0.353206203219653,-0.00018715672801767,0.139742936096292
1.71905296366521,0.0940435913311627,0.972632294559652,-0.353206203219653,-0.00018715672801767,0.139742936096292
1.86743419276783,0.0940435913311627,0.972632294559652,-0.353206203219653,-0.00018715672801767,0.139742936096292
1.56473331177824,0.0940435913311627,0.972632294559652,-0.353206203219653,-0.00018715672801767,0.139742936096292
1.69965823589706,0.0940435913311627,0.972632294559652,-0.353206203219653,-0.00018715672801767,0.139742936096292
1.65872886898235,0.0940435913311627,0.972632294559652,-0.353206203219653,-0.00018715672801767,0.139742936096292
1.81362642628995,0.0940435913311627,0.972632294559652,-0.353206203219653,-0.00018715672801767,0.139742936096292
1.51516660653171,0.0940435913311627,0.972632294559652,-0.353206203219653,-0.00018715672801767,0.139742936096292
1.68085267935654,0.0940435913311627,0.972632294559652,-0.353206203219653,-0.00018715672801767,0.139742936096292
1.54369905759985,0.0940435913311627,0.972632294559652,-0.353206203219653,-0.00018715672801767,0.139742936096292
1.58915304719027,0.0940435913311627,0.972632294559652,-0.353206203219653,-0.00018715672801767,0.139742936096292
1.58424088988941,0.0940435913311627,0.972632294559652,-0.353206203219653,-0.00018715672801767,0.139742936096292
1.48208059045004,0.0940435913311627,0.972632294559652,-0.353206203219653,-0.00018715672801767,0.139742936096292
1.66022721678596,0.0940435913311627,0.972632294559652,-0.353206203219653,-0.00018715672801767,0.139742936096292
1.61628562368452,0.0940435913311627,0.972632294559652,-0.353206203219653,-0.00018715672801767,0.139742936096292
1.6777652666221,0.0940435913311627,0.972632294559652,-0.353206203219653,-0.00018715672801767,0.139742936096292
1.39019846266222,0.0940435913311627,0.972632294559652,-0.353206203219653,-0.00018715672801767,0.139742936096292
1.65622752011981,0.0940435913311627,0.972632294559652,-0.353206203219653,-0.00018715672801767,0.139742936096292
1.58529352829978,0.0940435913311627,0.972632294559652,-0.353206203219653,-0.00018715672801767,0.139742936096292
1.4758483173467,0.0940435913311627,0.972632294559652,-0.353206203219653,-0.00018715672801767,0.139742936096292
1.60641678923595,0.0940435913311627,0.972632294559652,-0.353206203219653,-0.00018715672801767,0.139742936096292
1.60807224447155,0.0940435913311627,0.972632294559652,-0.353206203219653,-0.00018715672801767,0.139742936096292
1.4444164974622,0.0940435913311627,0.972632294559652,-0.353206203219653,-0.00018715672801767,0.139742936096292
1.55150888157966,0.0940435913311627,0.972632294559652,-0.353206203219653,-0.00018715672801767,0.139742936096292
1.69262947098681,0.0940435913311627,0.972632294559652,-0.353206203219653,-0.00018715672801767,0.139742936096292
1.42983846734353,0.0940435913311627,0.972632294559652,-0.353206203219653,-0.00018715672801767,0.139742936096292
1.74123543558345,0.0940435913311627,0.972632294559652,-0.353206203219653,-0.00018715672801767,0.139742936096292
1.61598429863429,0.0940435913311627,0.972632294559652,-0.353206203219653,-0.00018715672801767,0.139742936096292
1.87166394494691,0.0940435913311627,0.972632294559652,-0.353206203219653,-0.00018715672801767,0.139742936096292
1.40910702263562,0.0940435913311627,0.972632294559652,-0.353206203219653,-0.00018715672801767,0.139742936096292
1.51100671145609,0.0940435913311627,0.972632294559652,-0.353206203219653,-0.00018715672801767,0.139742936096292
1.69361667204856,0.0940435913311627,0.972632294559652,-0.353206203219653,-0.00018715672801767,0.139742936096292
1.59038870134682,0.0940435913311627,0.972632294559652,-0.353206203219653,-0.00018715672801767,0.139742936096292
1.40468323786966,0.0940435913311627,0.972632294559652,-0.353206203219653,-0.00018715672801767,0.139742936096292
1.68278762635376,0.0940435913311627,0.972632294559652,-0.353206203219653,-0.00018715672801767,0.139742936096292
1.68261213302565,0.0940435913311627,0.972632294559652,-0.353206203219653,-0.00018715672801767,0.139742936096292
1.61982207083985,0.0940435913311627,0.972632294559652,-0.353206203219653,-0.00018715672801767,0.139742936096292
1.46211641534791,0.0940435913311627,0.972632294559652,-0.353206203219653,-0.00018715672801767,0.139742936096292
1.74141382279873,0.0940435913311627,0.972632294559652,-0.353206203219653,-0.00018715672801767,0.139742936096292
1.62067985068001,0.0940435913311627,0.972632294559652,-0.353206203219653,-0.00018715672801767,0.139742936096292
1.63327238166333,0.0940435913311627,0.972632294559652,-0.353206203219653,-0.00018715672801767,0.139742936096292
1.50760278255345,0.0940435913311627,0.972632294559652,-0.353206203219653,-0.00018715672801767,0.139742936096292
1.45471606431425,0.0940435913311627,0.972632294559652,-0.353206203219653,-0.00018715672801767,0.139742936096292
1.49635193402177,0.0940435913311627,0.972632294559652,-0.353206203219653,-0.00018715672801767,0.139742936096292
1.60131527652525,0.0940435913311627,0.972632294559652,-0.353206203219653,-0.00018715672801767,0.139742936096292
1.49800680642397,0.0940435913311627,0.972632294559652,-0.353206203219653,-0.00018715672801767,0.139742936096292
1.48299509614109,0.0940435913311627,0.972632294559652,-0.353206203219653,-0.00018715672801767,0.139742936096292
1.79422907786702,0.0940435913311627,0.972632294559652,-0.353206203219653,-0.00018715672801767,0.139742936096292
1.57146906539512,0.0940435913311627,0.972632294559652,-0.353206203219653,-0.00018715672801767,0.139742936096292
1.43430948389591,0.0940435913311627,0.972632294559652,-0.353206203219653,-0.00018715672801767,0.139742936096292
1.70178993422096,0.0940435913311627,0.972632294559652,-0.353206203219653,-0.00018715672801767,0.139742936096292
1.63525568537365,0.0940435913311627,0.972632294559652,-0.353206203219653,-0.00018715672801767,0.139742936096292
1.47137154270243,0.0940435913311627,0.972632294559652,-0.353206203219653,-0.00018715672801767,0.139742936096292
1.93965037355914,0.0940435913311627,0.972632294559652,-0.353206203219653,-0.00018715672801767,0.139742936096292
1.73786464574577,0.0940435913311627,0.972632294559652,-0.353206203219653,-0.00018715672801767,0.139742936096292
1.79347125104333,0.0940435913311627,0.972632294559652,-0.353206203219653,-0.00018715672801767,0.139742936096292
1.5060050391045,0.0940435913311627,0.972632294559652,-0.353206203219653,-0.00018715672801767,0.139742936096292
1.91552469403027,0.0940435913311627,0.972632294559652,-0.353206203219653,-0.00018715672801767,0.139742936096292
1.70369753609095,0.0940435913311627,0.972632294559652,-0.353206203219653,-0.00018715672801767,0.139742936096292
1.32236054774807,0.0940435913311627,0.972632294559652,-0.353206203219653,-0.00018715672801767,0.139742936096292
1.85350574048142,0.0940435913311627,0.972632294559652,-0.353206203219653,-0.00018715672801767,0.139742936096292
1.6081475905928,0.0940435913311627,0.972632294559652,-0.353206203219653,-0.00018715672801767,0.139742936096292
1.70529818646408,0.0940435913311627,0.972632294559652,-0.353206203219653,-0.00018715672801767,0.139742936096292
1.5996730958257,0.0940435913311627,0.972632294559652,-0.353206203219653,-0.00018715672801767,0.139742936096292
1.90772603016382,0.0940435913311627,0.972632294559652,-0.353206203219653,-0.00018715672801767,0.139742936096292
1.60131527652525,0.0940435913311627,0.972632294559652,-0.353206203219653,-0.00018715672801767,0.139742936096292
1.47716706254124,0.0940435913311627,0.972632294559652,-0.353206203219653,-0.00018715672801767,0.139742936096292
1.5878222319787,0.0940435913311627,0.972632294559652,-0.353206203219653,-0.00018715672801767,0.139742936096292
1.42588734936237,0.0940435913311627,0.972632294559652,-0.353206203219653,-0.00018715672801767,0.139742936096292
1.48048921798228,0.0940435913311627,0.972632294559652,-0.353206203219653,-0.00018715672801767,0.139742936096292
1.68165021553696,0.0940435913311627,0.972632294559652,-0.353206203219653,-0.00018715672801767,0.139742936096292
1.54502830770204,0.0940435913311627,0.972632294559652,-0.353206203219653,-0.00018715672801767,0.139742936096292
1.70208143448871,0.0940435913311627,0.972632294559652,-0.353206203219653,-0.00018715672801767,0.139742936096292
1.61869508799757,0.0940435913311627,0.972632294559652,-0.353206203219653,-0.00018715672801767,0.139742936096292
1.66580640376858,0.0940435913311627,0.972632294559652,-0.353206203219653,-0.00018715672801767,0.139742936096292
1.65291362275667,0.0940435913311627,0.972632294559652,-0.353206203219653,-0.00018715672801767,0.139742936096292
1.64651320490466,0.0940435913311627,0.972632294559652,-0.353206203219653,-0.00018715672801767,0.139742936096292
1.73593306158302,0.0940435913311627,0.972632294559652,-0.353206203219653,-0.00018715672801767,0.139742936096292
1.51258298819312,0.0940435913311627,0.972632294559652,-0.353206203219653,-0.00018715672801767,0.139742936096292
1.71389545985847,0.0940435913311627,0.972632294559652,-0.353206203219653,-0.00018715672801767,0.139742936096292
1.41759465794385,0.0940435913311627,0.972632294559652,-0.353206203219653,-0.00018715672801767,0.139742936096292
1.51102044198719,0.0940435913311627,0.972632294559652,-0.353206203219653,-0.00018715672801767,0.139742936096292
1.63791200327477,0.0940435913311627,0.972632294559652,-0.353206203219653,-0.00018715672801767,0.139742936096292
1.44448473326671,0.0940435913311627,0.972632294559652,-0.353206203219653,-0.00018715672801767,0.139742936096292
1.40906969947281,0.0940435913311627,0.972632294559652,-0.353206203219653,-0.00018715672801767,0.139742936096292
1.84093616280024,0.0940435913311627,0.972632294559652,-0.353206203219653,-0.00018715672801767,0.139742936096292
1.38702089642919,0.0940435913311627,0.972632294559652,-0.353206203219653,-0.00018715672801767,0.139742936096292
1.48856404705248,0.0940435913311627,0.972632294559652,-0.353206203219653,-0.00018715672801767,0.139742936096292
1.8002874159385,0.0940435913311627,0.972632294559652,-0.353206203219653,-0.00018715672801767,0.139742936096292
1.75628318121404,0.0940435913311627,0.972632294559652,-0.353206203219653,-0.00018715672801767,0.139742936096292
1.527072541071,0.0940435913311627,0.972632294559652,-0.353206203219653,-0.00018715672801767,0.139742936096292
1.6227721603739,0.0940435913311627,0.972632294559652,-0.353206203219653,-0.00018715672801767,0.139742936096292
1.59060731342152,0.0940435913311627,0.972632294559652,-0.353206203219653,-0.00018715672801767,0.139742936096292
1.49827663973184,0.0940435913311627,0.972632294559652,-0.353206203219653,-0.00018715672801767,0.139742936096292
1.67029491126756,0.0940435913311627,0.972632294559652,-0.353206203219653,-0.00018715672801767,0.139742936096292
1.55895819736643,0.0940435913311627,0.972632294559652,-0.353206203219653,-0.00018715672801767,0.139742936096292
1.72527308799084,0.0940435913311627,0.972632294559652,-0.353206203219653,-0.00018715672801767,0.139742936096292
