"V1","V2","V3","V4","V5"
1.09463623397679,0.599864719882975,1.03238618972447,-0.0020770518362391,0.395520369333839
1.81920086067184,0.372511097840533,-3.76311941173247,-0.00256662820496574,0.439090961925936
1.21134307105421,0.563473784377406,-2.84498033651219,-0.0015107973637025,0.456917944006736
1.21794953749964,0.461549278228206,-3.60334792038481,-0.00053372555570933,0.408960816825864
1.28347707048228,0.449809939168064,-1.73965494689063,-0.001152793408344,0.377699351351545
1.57079779537099,0.45853530906138,-4.68007204789139,-0.00185159881500726,0.41078128177401
1.69752949172063,0.412219248148792,-2.19871588121375,-0.00261968404527699,0.431977911711799
1.39775682614532,0.389495082416271,-0.562046196816798,-0.00163632509136324,0.416464745209349
1.35631835549133,0.433366280205683,-1.79629041487442,-0.00146670195506219,0.390890337391256
1.36773599875413,0.54139797458998,-2.20052297373932,-0.00215746674886963,0.429295742477631
1.38803667357363,0.478868718214639,-3.23435049801171,-0.00168803426368642,0.413125467599562
1.45456126130313,0.516285477585201,-3.22371018127746,-0.00213273975281501,0.411536473490469
1.4065787175809,0.460113459954461,-2.40123514629175,-0.00175406774281514,0.441652870028041
1.32537755695337,0.447450422127328,-1.05205225946889,-0.00152223598685331,0.396992160477521
1.41951987853718,0.459783999484266,-2.35534708051064,-0.00174061088620966,0.410498598003763
1.21342845632523,0.563930907524486,-0.838349296638147,-0.00210176156940326,0.48835030756234
1.26378676761055,0.485454425853812,-2.80867229536332,-0.00110256239234495,0.420177355069289
1.23154203444302,0.489318251785873,-2.79341893506255,-0.00109114485636177,0.421490977909442
1.46785580157993,0.47091080536247,-2.95986055576727,-0.00186954727665088,0.452695169503145
1.61124533355264,0.411529401715498,-2.33823929560481,-0.00194499075078325,0.402638824815875
1.44664011287272,0.420437666365761,-0.819861706098986,-0.00213976074822356,0.4363313979547
1.30449790796837,0.519431968657615,-1.87671492754217,-0.00205756431032623,0.393468502198105
1.53726586762455,0.42914310124451,-1.94774405846198,-0.00213424335381694,0.43024048458751
1.58295633379702,0.447466787818009,-2.64104812098974,-0.00234638586437989,0.388198929118412
1.09362489554077,0.541428578465021,-0.37699412050653,-0.00140049496111673,0.399530707060471
1.46455983314546,0.52713653062454,-2.7267632192829,-0.00233177869199618,0.422544430335749
1.5269598333021,0.378539733285307,-3.14386016805599,-0.00149792190861246,0.408617319811962
1.1278713589855,0.531092336373992,-1.2364288226011,-0.00140776318233331,0.423894188589138
1.01547167738755,0.653144183999866,-1.93334667115062,-0.00157593603113194,0.444038293311069
1.09435909113877,0.594274311835916,-1.77857646265319,-0.00158214486032993,0.408231716070501
1.2372148841293,0.599252403485853,-3.24610271806106,-0.0020059704612627,0.400933940651376
1.55703370651181,0.40792726688752,-2.40759022654209,-0.00185085083180142,0.393693771035628
1.65542699863937,0.401916038097025,-3.397364349551,-0.00213724949502905,0.433770557528231
1.57614821614892,0.473847301785687,-4.39609588225116,-0.00208148148146217,0.453045813260059
1.39969527253605,0.499329996138656,-1.99592696351761,-0.00250285237412612,0.424249746653171
1.34896567836612,0.52098351878561,-3.14099899395864,-0.0017781322003219,0.383692461378848
1.19004533338605,0.617160669828585,-2.18612096020778,-0.0017916194340694,0.368809093514714
1.54544142906637,0.478026537593341,-2.11481426626795,-0.0025019078301646,0.388946053597978
1.38065500954334,0.493325611847135,-1.28930242400118,-0.0020865283442619,0.397084719453329
1.2684811488938,0.474813528754378,-2.05326054881025,-0.000911750900556762,0.437927606637701
1.42933939567767,0.45025886191194,-3.01029082587939,-0.00173764141476149,0.470393256595649
1.61045345008015,0.487201726991609,-4.3194327051347,-0.00222351792423695,0.423500069840511
1.39875992349851,0.509600333666761,-1.79449981557328,-0.00216929700440148,0.458892997889846
1.82839767975072,0.351095840914464,-3.01112555852255,-0.00250210064790071,0.509007521033995
1.56631889306742,0.402187200733043,-3.13627653342126,-0.00163337780603712,0.381230419183037
0.913497360255904,0.643883107237105,-1.62816041495287,-0.0013476828250202,0.429526364347431
1.46653140814893,0.404290355201379,-1.71048876941713,-0.00185330567166174,0.421301125417562
1.28504375830459,0.474458395104402,-1.469705149551,-0.00149486471886115,0.394585082411521
1.25924375476165,0.553390467716253,-3.66616201516808,-0.00151328318966885,0.399242962663389
1.36510495367279,0.483420801128824,-2.72652747370022,-0.00172351580651191,0.400598516027039
1.08061207660432,0.583116288735224,-0.779359879370437,-0.00170255774347741,0.407073540395199
1.32515841072884,0.544636463427245,-2.3827446119681,-0.00180641235244071,0.431764053685928
1.13341779380156,0.484089041077842,-0.766585828555712,-0.00118834621204966,0.421535020190476
1.36270637931825,0.489636400259254,-2.14351036834508,-0.00213788107951067,0.409890359197692
1.00346885101839,0.644399318515609,-1.55262056234288,-0.00137451595485776,0.418708639742499
1.31076733803644,0.480500487686824,-0.921139136570236,-0.00199810363879222,0.4497118310914
1.32455146661469,0.488098751731566,-2.903029663141,-0.00155141198655482,0.394776244711358
1.51083142137355,0.469990734045157,-4.01270684846558,-0.00164474925764331,0.459967248887324
1.41311122561896,0.408318866836093,-1.06240877354645,-0.00191922925555385,0.434496752278546
1.56268075761469,0.431978998370139,-2.7419537755805,-0.00222118724809582,0.488218852003404
1.19886950252634,0.577216520546886,-2.5366547755602,-0.00163816626055653,0.435313746463412
1.55552167145985,0.395395538495394,-0.868486855026398,-0.00219435772234035,0.375804822635396
1.30582544335749,0.52374954829296,-3.20281903063243,-0.00136357405796698,0.415139475694035
1.25092391530983,0.490817530293359,-2.86573837876351,-0.00131667973500678,0.413365043676334
1.49065847474269,0.439626487905119,-3.30628795251589,-0.00173389780390975,0.432768858427665
1.19902712550181,0.550350481914115,-0.552747664252463,-0.00199347173562189,0.411687248428417
1.48346453167289,0.430972466429337,-3.87584650921076,-0.00150467427281362,0.467124673829292
1.29410522799167,0.489553036153206,-1.83010559715125,-0.00176698643554462,0.43216275316575
1.53619484681083,0.46830666096763,-3.64017194444171,-0.00189092570026273,0.426532344415093
1.33836726653886,0.493999988404142,-1.42567928496563,-0.00176318728739628,0.387968482351816
1.42174729645714,0.441570658997305,-4.18450305226506,-0.00105720242325024,0.394039584929238
1.56935513237641,0.490871800089413,-3.60181095813073,-0.00237733607243307,0.414376437656646
0.998526713571959,0.635333954223027,-2.22497496043539,-0.00109236761082281,0.45738152065146
1.30765591053844,0.449093058143908,-2.98535747171172,-0.0013019544175293,0.373430790752893
1.69289436525096,0.45374231846987,-4.0047709547323,-0.00245103743518246,0.423782758375622
1.32814990814598,0.475623147476354,-3.10985439864893,-0.00140610658301923,0.386769862050665
1.30811546849446,0.520648400371438,-1.63606899737093,-0.00183120088275132,0.395978798211338
1.02401603445344,0.658095313105362,-2.21048189914419,-0.00150622428751234,0.465800351424436
1.36109952743577,0.464924786659484,-2.39593894757154,-0.00176775068366947,0.425365496137608
1.38375979535797,0.473146214134491,-1.93288584250219,-0.00184189128799554,0.409001417476889
1.48690848122507,0.477936275166723,-0.552471953076124,-0.00256602693416205,0.432799026967729
1.04344054531295,0.616321785751146,-2.05446178632774,-0.00106603574881724,0.416032474257593
1.51465491753963,0.486991242904875,-3.40664981476194,-0.0020896759182442,0.434219475900347
1.11632982329182,0.554424278351174,-0.989298963416801,-0.00129111931514742,0.446373624460339
1.15886931827938,0.550364715940633,-0.980325259742934,-0.00141026664362664,0.390074655318488
1.62759089684589,0.412872011479317,-2.64923579264904,-0.00240686945837201,0.420951467392016
1.07089067047667,0.515439228019176,-1.16632635496123,-0.000841409638921586,0.417906262932086
1.5557575287434,0.397533328797594,-3.01864618471895,-0.00160902813555042,0.446746974216795
1.33267280366431,0.51909224573463,-2.28572338494385,-0.00213630018527646,0.412578895462461
1.29489075480594,0.512135817733578,-2.72867243926043,-0.00185053846470966,0.450891841711941
1.51352872034908,0.46274221666641,-2.91024370600512,-0.00165228893899327,0.408090499996594
1.51934352667064,0.415431427289878,-4.09765212200568,-0.00154009439412224,0.412698000328694
1.56705207116206,0.441915054966547,-3.9263973886796,-0.00156983026344539,0.433808641632496
1.36971240461244,0.533447504334519,-4.24977730054168,-0.00203552810245296,0.429183758637085
1.19658196724578,0.568102231369512,-2.21635307570065,-0.0017571297363486,0.495371393095869
1.68750523640414,0.384152317973531,-3.68588687299296,-0.00214268209675338,0.413359763013321
1.49871020224898,0.466945179262327,-3.94719162737352,-0.00180650044456157,0.382814575707144
1.4959843098138,0.425912388840475,-1.90525611594713,-0.002089985785069,0.398799503808812
1.37182445415313,0.497504053032828,-2.37242458728263,-0.00203228873477869,0.441911045990511
1.12436962464379,0.579391659474055,-2.27643839349888,-0.00133834705156464,0.375476829388802
1.61213349315955,0.354167975123912,-3.48409043241589,-0.00157669492108309,0.398098923121125
1.26577413352171,0.610405583112884,-2.3983979939107,-0.00210016955243155,0.422658261424885
1.03693421354183,0.590382793982047,0.151953891520918,-0.00153955680345595,0.416330481502261
1.32463980313159,0.549452834787211,-3.66790215499237,-0.00193887718001592,0.437657474570302
1.37619712700049,0.489107630129424,-2.77390505438585,-0.00163434066103709,0.404331110207415
1.45985884996022,0.49731268391828,-4.25506151783791,-0.00196227207389815,0.385698151837841
1.48937536755985,0.421720126638647,-4.2751436607317,-0.00153274837320996,0.418376515185543
1.3066836816911,0.510199152175989,-2.52719004061328,-0.00149748011872402,0.459805785492707
1.31090370083863,0.409981398844958,-0.188417438489388,-0.00155007327357984,0.404778489168702
1.38765201891462,0.511331821531865,-3.23843565104528,-0.00165836181314012,0.389072912567344
1.39600667110876,0.469156635752744,-1.83670957297415,-0.00174669713964295,0.377818952071524
1.08188715026994,0.538322368292341,-2.26909803497031,-0.00106563107800956,0.376053860468505
1.33582113065637,0.477322904242683,-2.19566617271018,-0.00144678445237055,0.435524089580784
1.30794507061974,0.603859340846355,-2.63479154005713,-0.00243665118813256,0.392219168756852
1.28120262731099,0.541606320512783,-1.79378945422013,-0.00171202279920127,0.365339408568563
1.49660684379506,0.49518492873783,-2.05073061121622,-0.00254383570840524,0.422455030286037
1.30545002172826,0.491557276880649,-1.6346182962989,-0.0016462033400871,0.397902329014901
1.33602415616725,0.494552729973125,-2.73208748638134,-0.0017342159611471,0.394919669442807
1.62152270136642,0.421956671798735,-3.59558214450893,-0.00226370102468052,0.465396547164557
1.51027129079114,0.483558264161164,-4.83197668098818,-0.00187974973356608,0.416251468965317
1.46239344642243,0.410016799240147,-2.26668546604258,-0.00161080103352362,0.438235823680979
1.38383694850644,0.401690497053166,-1.54885876426523,-0.00141196866542201,0.426218509149885
1.20905522019175,0.515037894203848,-1.22823705518968,-0.00147414382450569,0.404189609163682
1.24750142162351,0.469925737377492,-1.99839712968684,-0.00123464071903219,0.380323267146151
1.23704316401699,0.493342282492375,-2.71038279769757,-0.000950833637410801,0.417235494344578
1.21632535176857,0.587580718507764,-2.52413256637694,-0.00181412655604806,0.410674204444687
1.36715244502853,0.49365025882853,-2.38127895290665,-0.00181544945668393,0.389868752244751
1.70535853809225,0.309557180671882,-2.36969834601653,-0.00181309192975014,0.407800539621414
1.51180955777515,0.501014207870545,-4.61324045846004,-0.00193775412240245,0.422426461225014
1.74441303896572,0.292401502384949,-3.71330588589318,-0.00163530333552975,0.4785818027011
1.49266877594585,0.435586055939242,-2.54239713304937,-0.00192184505496308,0.432785736362988
1.42466600122746,0.502290794492867,-1.88436011472904,-0.00215093453576881,0.389834229822132
1.28489291916349,0.56350879244879,-2.03086157485821,-0.00194057632140462,0.441885795485343
1.26365831590224,0.546162625036481,-1.96145700130044,-0.0021612879949891,0.421539875225502
1.01636659230896,0.580050900962487,-2.25647453778765,-0.000795338587574449,0.444716382574978
1.27832179613632,0.505314109177918,-3.25124823131227,-0.00150200464274454,0.416901482002207
1.49689002577882,0.416116674580368,-2.51696302209287,-0.0018234222995234,0.383371130285765
1.46892917811201,0.423112047908125,-2.53571821942712,-0.00184573771575297,0.408766301182662
0.828973997801291,0.64260917501288,-0.13220197766311,-0.00103176264461674,0.428923876533116
1.35947281816684,0.471481522418124,-1.5299257213122,-0.00171534245408038,0.427222818003289
1.43224105345504,0.465784036876,-3.88151740816454,-0.00159098655056622,0.457296739372312
1.2192071147226,0.477709853997365,-1.75679167051811,-0.0015190927128841,0.439269802344165
1.44920283568017,0.46572717009303,-3.13464232457705,-0.00161497135296847,0.390198280322932
1.42777621581242,0.448579579823425,-1.78196483265575,-0.00174306809156223,0.396552256714599
1.15599349531226,0.533073064059969,-1.2739335883983,-0.00140486754224558,0.402527089343787
1.12476055338185,0.588838140308051,-3.38107761611594,-0.00114192384480889,0.460962876136637
1.35965047306414,0.53365093557305,-2.61218613303145,-0.00213703964718403,0.387261857994395
1.14660359464459,0.561655724572459,-1.88888131332575,-0.0014309412596484,0.430039650472899
1.37319336309194,0.437009282361305,-2.8687779825007,-0.00116384048772228,0.411973041489111
1.48841362369171,0.405439066708405,-3.3666011189436,-0.00158702352389962,0.411420077301242
1.26755017752616,0.507349067428888,-2.52573996392449,-0.00127469841375465,0.393290936635918
1.03977534117603,0.557235883793079,-2.63350914016756,-0.00101863315426306,0.423546888414813
1.67332669026493,0.396203975142568,-3.91869309542253,-0.00193885429028055,0.412109127944693
1.24668563556468,0.510947312996937,-0.669599161477093,-0.00168282197708726,0.409741520999509
1.44060984137563,0.446012233044436,-0.586004855992922,-0.0017823695236155,0.411726728605307
0.977754421532946,0.577890990154597,-0.828777857653814,-0.000868806120444803,0.437089491613413
1.09077241052568,0.539150680612734,-0.964260736152622,-0.00127211548419339,0.422328972648273
1.23308113255944,0.532397207496633,-1.35455078432254,-0.00180265752522838,0.417071050962556
1.46239122212414,0.479289664837204,-3.7792740787638,-0.0017018713337021,0.421078547947876
1.58029099314376,0.405757518232971,-3.33098391514604,-0.00184806570553597,0.423638344136239
1.51465491753963,0.486991242904875,-3.40664981476194,-0.0020896759182442,0.434219475900347
1.77453938995094,0.385759640632517,-2.61590764401479,-0.00308651891197687,0.408549456642737
1.26365831590224,0.546162625036481,-1.96145700130044,-0.0021612879949891,0.421539875225502
1.21654826586996,0.520332660042554,-2.72918277220342,-0.00129280511179686,0.465472874215693
1.16745852884732,0.470937376944225,-1.83677595560257,-0.00106390519484912,0.445646340509154
1.64880601108391,0.41151086118623,-2.33169466495753,-0.00230203194153117,0.465702626910116
1.28763833572133,0.588183961167331,-2.53076399236296,-0.0019356946864381,0.424388473629366
1.17445323061339,0.522915001486538,-1.52543327496388,-0.0014452076735688,0.38386103055903
1.34069448273722,0.52079843358157,-2.44175600495115,-0.0015462605138145,0.433894614285415
1.40491999113876,0.435308491105044,-2.818552534364,-0.00115255900841618,0.419882089935786
1.38283214530624,0.457702856154207,-1.49771958643117,-0.00168579968478481,0.391250874029178
1.04534657742542,0.548588106215716,-1.93368858478835,-0.000755432552092232,0.407428025456054
1.61665220263325,0.39663030807405,-5.31647171060809,-0.00138918971681442,0.418514137057263
1.44724479176779,0.455041652770338,-2.17475908836766,-0.00187633794330656,0.435117779354785
1.06750936726402,0.599089104289603,-1.95949619669757,-0.00133912308191152,0.463476498797828
1.32586754138192,0.459386187282795,-2.91998475576322,-0.00120938553967296,0.406214511484389
1.21400511713022,0.528019170453003,-4.41405000076081,-0.00095968891649507,0.448535479855481
1.33436653286974,0.481209829570376,-3.88599092442104,-0.00158052911946748,0.392841262052443
1.52887629755086,0.412698369855118,-3.8518369812606,-0.0017080425473472,0.387344364631377
1.32942424104935,0.43590883379457,-2.97902639809723,-0.00100197928193071,0.413964769981804
1.46111738564504,0.470967497156077,-2.50792031257839,-0.00213958213257258,0.395241560101184
1.31190895268506,0.485633082480738,-3.10476716645437,-0.00122154209391116,0.422102660920454
0.945202901642401,0.605043662654851,-0.757914149555463,-0.00145687834186472,0.389643435938204
1.42054613207711,0.440649285080893,-1.64374051901064,-0.00187244982301879,0.415800716463117
1.6966469160378,0.410664158308162,-4.36272652354241,-0.00205361865533168,0.447082424668413
1.39101666690117,0.547788210032911,-2.52394293485857,-0.00217694520563067,0.4137516444857
1.30731779656632,0.50822052141774,-3.54611015242877,-0.00134970675635472,0.410573930151611
1.3748342621246,0.504168034771895,-2.91953201911769,-0.00186108184978969,0.408766276489665
1.50912152715132,0.475278359835948,-4.02029293878141,-0.00176031450228806,0.42102871814321
1.35514111070693,0.503773411214787,-1.11534130058964,-0.00207288216658585,0.38338700289235
1.67089459910028,0.452911237569851,-3.49934061535393,-0.00262995854383431,0.389709750641303
1.20300449618929,0.556590129557449,-2.79344267147356,-0.00154905486726193,0.438074398504942
1.67532760331573,0.353454837546034,-4.33698761990096,-0.00178235391106143,0.397765375107116
1.34576070912137,0.521892701025578,-2.34161824328734,-0.0019404656555664,0.388009020109
1.30074802230307,0.484358415743767,-2.14105888377049,-0.00181659050715399,0.410413448074063
1.19029307262514,0.488396421658474,-0.914625168064649,-0.00126433422644513,0.420547448279035
1.26172493526497,0.45296029728974,-1.81541483792124,-0.00125566455391037,0.43681341584728
1.44991982678822,0.435533421986432,-2.9435608338956,-0.00178942833858197,0.45398510067216
1.42429559484758,0.50436113485504,-3.26530800245605,-0.0018426599066798,0.444495636357678
1.4173872581008,0.430868261174268,-1.63788568609323,-0.00161366242177841,0.399564735773291
1.62793751663318,0.394921016887736,-2.32299496922511,-0.00229348986065565,0.43569712161215
1.20192206870433,0.52067502692171,-2.01027371509046,-0.00145883927929932,0.414971518697414
1.39812767214745,0.494048381663895,-0.542804941796559,-0.00236422126214479,0.415586018871257
1.44777872760393,0.487267910140282,-3.41489382854243,-0.00189219064419059,0.435856763494729
1.32703077113983,0.536390865024444,-2.32915992301693,-0.00191071140645423,0.406579682687743
1.37251780523262,0.512071157914386,-3.52243555112448,-0.0017243483335712,0.475518369181552
1.06698592963939,0.647158262452134,-3.04585664726605,-0.00144766173819715,0.376893242783624
1.34361137396577,0.467136224331315,-1.68742425219314,-0.00158313530566374,0.448928251541899
1.41119720505471,0.500062699900177,-2.96922925803708,-0.0018084116866842,0.432144247511693
1.34297632708044,0.484112446607685,-2.90752944514263,-0.00148678550433936,0.407248896039111
1.17414811354949,0.542592234303871,-2.27547857912106,-0.00145817508583037,0.437203408287267
1.28763833572133,0.588183961167331,-2.53076399236296,-0.0019356946864381,0.424388473629366
1.4059871498046,0.456089551048378,-2.08458538198968,-0.00188716334234264,0.38181471042195
1.59637215010637,0.467981723570198,-3.93619504983162,-0.00212310926389931,0.376060162772154
1.39626185360886,0.507624370540204,-3.51588301341185,-0.00193981566270339,0.411868398578341
1.42114537553484,0.451959844615916,-3.18187069398776,-0.0015699812170342,0.434869401800935
1.44082099756849,0.451176176239499,-3.15673193924725,-0.00165632705947332,0.427209517128938
0.922032572748701,0.610187562230618,0.0721556771007351,-0.00142813116710794,0.446464120024415
1.43391803984928,0.539001202820741,-5.42673394959011,-0.00191805252163349,0.461477602242289
1.58511914464561,0.350463172755919,-2.85085794883495,-0.00188963529446769,0.414295392658033
0.883847228482398,0.625294380631479,-0.365899611416478,-0.00121205612605172,0.398484921455147
1.44594227572153,0.455798412651247,-1.56180562218597,-0.00235504104254971,0.416323280992387
1.42384857239108,0.491742983004601,-4.18167577013162,-0.00174073577917843,0.424651340436824
1.60607357337745,0.456662139357158,-3.68308563387296,-0.0022826701318555,0.456146113253693
1.55834359175892,0.361486687256843,-3.37363899011913,-0.00141212610833824,0.468380203854061
1.52887428241159,0.38473058416867,-3.79599289023501,-0.0013851177264945,0.369689027312983
1.41281670221335,0.428433613434775,-2.43387160683316,-0.00150628294445219,0.404675340765523
1.75000809189421,0.331937524536142,-3.2414361223003,-0.00212399036916901,0.454634735731119
1.0167709066241,0.600613723890456,-1.73387968020519,-0.00141724462335649,0.448295733948944
1.28401867193873,0.481377663449364,-1.53495422372805,-0.00170245318405509,0.436578282123185
1.16067875079017,0.547673098271648,-3.04945082487642,-0.00128657610904886,0.427461391970124
1.20575525779044,0.555830232392104,-1.56021412340477,-0.00171925900600087,0.364829560024047
1.43685076354868,0.47297396520289,-3.11860449000592,-0.00158261312758864,0.422108372831804
1.54850224925527,0.469158916228465,-4.35850611762862,-0.0019517403931479,0.452921908892341
1.58670333579009,0.494321112740913,-3.52212690024919,-0.00247212010141847,0.407723861593577
1.3088005889789,0.500688322063511,-2.40042179203615,-0.00156918524824161,0.39644257106239
1.24287092740858,0.528506115613483,-1.58720682125773,-0.00163923835391762,0.413253114828566
1.43416828357855,0.530751939356269,-2.74866405655809,-0.00248400390866252,0.407248073206624
1.37205059850364,0.447870728318541,-2.27271256081481,-0.00148798392141051,0.413799848499868
1.32054336042724,0.572452756427826,-4.8822370806077,-0.0013747397593763,0.429238743340155
1.40297334612515,0.410904227066909,-2.6658549373576,-0.00120031511651327,0.406580458928226
1.52041374268398,0.47482001524998,-3.3992946145848,-0.00208926666938674,0.402077948180515
1.38476656918397,0.519770189202026,-2.49130299052439,-0.00228376771935082,0.435671442550446
1.14105416635985,0.67364344064802,-0.733131065740761,-0.00220147889571935,0.488943387538111
1.2764060517214,0.463605186785295,-3.32674671145077,-0.00114905000116942,0.391239693887863
1.14669692435035,0.470250517882978,-1.22000458666901,-0.00103569365306298,0.389195933287531
1.28206834917566,0.498966222251105,-2.06572725336149,-0.00156046323381371,0.400743968262337
1.57869292280936,0.369554285079661,-2.64254511305199,-0.00178958309757379,0.422693920849517
1.55144068383675,0.433219259870778,-3.12558683748712,-0.00206797044893893,0.408432389046355
1.32066327081088,0.454955026436397,-0.894088384720344,-0.00161621291258771,0.456162393181821
1.32169172918804,0.488360461193972,-2.57313259983989,-0.00170226632296045,0.41217920025513
1.59676360593167,0.455713564320042,-3.13020761624459,-0.00247282244495118,0.418832142594435
0.968920795127398,0.627925267100315,-2.4323517421099,-0.000937184449823628,0.431651353333123
1.6453368881772,0.411274170023786,-5.09025247822304,-0.0018453697660696,0.406966225895124
1.3482692438111,0.453625479751642,-2.82965641069161,-0.00128303020232142,0.401969710548702
1.30319121497017,0.541478685335554,-1.87623590650475,-0.00204044932260463,0.412718363957112
1.29285729300027,0.494387575914046,-1.10113607468839,-0.0018662965476722,0.37755683154107
1.40446450985122,0.456664354928734,-2.67689521188031,-0.00175468856298369,0.401061561786912
1.19790796138979,0.503117275910029,-2.14238025434523,-0.00138475833813049,0.451720295680694
1.28639674809506,0.52920010296208,-2.05226947141835,-0.00168079440162243,0.373401161088943
1.380188486202,0.489695683656873,-2.18085011166362,-0.00200270715923788,0.416901041743842
0.644636377404266,0.726120795014872,-0.80554898677023,-0.000921364623016852,0.402876797768826
1.21780982654769,0.528525737391387,-3.12801123666739,-0.00137290349436865,0.439499846005049
1.4266668872272,0.400468152985334,-0.607217679118017,-0.00196300248618865,0.431791212815823
1.35769276490329,0.398978611987472,-2.48768050527053,-0.000932823237237935,0.399461424650593
1.55761977693301,0.437913991909377,-2.77727857165369,-0.00252090808442538,0.448993884890089
1.54679425993013,0.455187643484898,-3.48537103471634,-0.00186487175828815,0.424471357940377
1.50198966264394,0.453777116895706,-2.94816332263274,-0.0019269265260406,0.39836630068486
0.943201546035321,0.688573812344606,-3.73081115338257,-0.0011571905731562,0.431279044016357
1.31940798906672,0.480813644084607,-2.59182428155116,-0.00150550130468179,0.420455733326556
1.23618545068888,0.519845072629251,-3.46178794216031,-0.0014130984720298,0.437249081595291
1.26506371381555,0.573316207556104,-2.05715711712106,-0.00202039146360311,0.366344736984579
1.26629328610332,0.514317401229966,-2.52285620738499,-0.00149367770445869,0.384526442654833
1.30936365610436,0.512217345058216,-2.32486085541961,-0.0018070254197693,0.394080012219152
1.8279942097421,0.342810829589821,-4.22633540966105,-0.00239215192496456,0.432060435011481
1.19658196724578,0.568102231369512,-2.21635307570065,-0.0017571297363486,0.495371393095869
1.57466584110215,0.401338140872954,-1.96734480681356,-0.00199020707231393,0.429746196559364
1.61232917434833,0.437893614793998,-3.49162637550382,-0.002279636567193,0.428029653235048
1.2008263073068,0.583813716470873,-2.41927823469593,-0.00182080023717205,0.416363350689739
1.35211910459176,0.457682921059762,-3.7494552454318,-0.00117739156341604,0.47714307131738
1.45197848704845,0.438472613515507,-1.40940423369372,-0.00191095810620708,0.421522214809221
1.67276273243774,0.434874274563744,-5.95842103342141,-0.00199138278906445,0.427801179377284
1.33260626942148,0.430970255050088,-1.78058194759669,-0.00141352646856974,0.408392542651407
1.56361966270958,0.463883951144736,-3.94437716699872,-0.0024255916387863,0.433049585175201
1.82322950964265,0.36350796418844,-5.49214805258969,-0.00224931137667647,0.428541813779777
1.28185965724404,0.551654796113957,-3.06826278311074,-0.00154879331895715,0.409606814868582
1.31230830393375,0.541430254017406,-3.58038193561201,-0.0019119341554057,0.389326714046325
1.59366957996196,0.41784974968639,-3.44670385346207,-0.00221112661935699,0.411276504199657
1.41826801409025,0.463549828290366,-1.98972443339322,-0.00199937668177032,0.443821084261579
0.969414720212031,0.630480801878819,-2.39426229522249,-0.0010623962491229,0.413139463367322
1.43277958133872,0.469685750222684,-3.40322326084908,-0.0016396051128498,0.412823318880724
1.53143574978957,0.433744785451915,-3.65620959046542,-0.00179898664269241,0.396539433591342
1.41621857815988,0.499894839312117,-2.94267622931207,-0.0017996290330473,0.431441360193121
0.960189889683427,0.663415489244464,-3.87886239547177,-0.000993124928199161,0.421002654420932
1.46342679908586,0.427791470250043,-2.05232040518683,-0.00171876503454214,0.387152271338298
1.35718788337928,0.422482850603435,-1.83650081283786,-0.00153479507094481,0.404423457938162
1.38883905722985,0.523362011892193,-1.79528329607175,-0.00229939431277788,0.423520038296473
1.3441584458787,0.449767662097486,-3.0961968557193,-0.00129208656480759,0.419646624840771
1.52080470439719,0.442742998909348,-3.46454915008056,-0.00186822609618484,0.429962852111343
1.14808390381385,0.520105746093641,-1.00890288065887,-0.00153938009507664,0.414327269363972
1.24668563556468,0.510947312996937,-0.669599161477093,-0.00168282197708726,0.409741520999509
1.3889873980542,0.451938259736816,-2.99223993871914,-0.00137878179774225,0.394311711178321
1.61821050057027,0.41064808465964,-4.16078254661161,-0.00198414648616498,0.412275574672371
1.51294821067952,0.455705307103281,-3.44066064287535,-0.00194999442570327,0.422114003942116
1.3386339134153,0.440720503314816,-1.47532419991055,-0.00164688432501306,0.438171959086881
1.27182256185885,0.585924745080574,-2.92932594176482,-0.00189618283610572,0.431775810621418
1.42618845329509,0.472698822511244,-3.98233024942042,-0.00158166217117583,0.407952768264151
1.16538455248043,0.495668899149018,-2.5295980544076,-0.000908336328320847,0.406019374783394
1.50209371590319,0.42755971796161,-4.4260947075273,-0.00143442345526603,0.372801835981052
1.31583646445378,0.478041472786299,-1.5743895539231,-0.00163323652562393,0.3992053354209
1.35075336583586,0.501543844185777,-2.45970542816208,-0.00206878455529179,0.465348980156013
1.23795922677696,0.493515321724693,-0.700233215873704,-0.00142495081780511,0.427198842412055
1.23803596871357,0.536258822396424,-2.87689571966678,-0.00157229553932927,0.385840040561895
1.40639052480739,0.503866149095447,-5.12908047085981,-0.00139718629147132,0.438329860691776
1.44251662484896,0.414748269691796,-1.62863208704707,-0.00165518928909842,0.444545967408799
1.04102668284921,0.556826370179371,-1.29557251324123,-0.000955414005920106,0.405564732521224
1.61362975586005,0.422882581419772,-3.18806656486821,-0.00213386933384917,0.405015071819072
0.981641701939858,0.654469433190358,-1.1877117458554,-0.00183643330580399,0.491460030153601
1.53006094224412,0.49566518751717,-3.57310798504288,-0.00206266849214049,0.409508148049902
1.41931468595636,0.47004955036851,-2.61584147745279,-0.00184105313871267,0.423031056533924
1.29480935726037,0.557160612243801,-3.2066763589527,-0.00194053600422423,0.424440701758898
1.27039344285188,0.507613564242425,-3.09471724847792,-0.00140972613965397,0.384801613818255
1.53098709705248,0.36191320781413,-2.99213247848318,-0.0013360246210883,0.425339698457329
1.39007836191138,0.453374416329627,-1.47396519715202,-0.00180118836535734,0.390876996318403
1.33990750709674,0.461852955977113,-3.07358912987052,-0.000926163687310193,0.407921257198485
1.39279642681903,0.472369647678067,-2.97875035782015,-0.00150613166978905,0.385874612535565
1.26431278626302,0.496544560804145,-2.83432414259948,-0.0013813771985808,0.392831874243362
1.30731779656632,0.50822052141774,-3.54611015242877,-0.00134970675635472,0.410573930151611
1.49209503004143,0.449509625046375,-3.70797498463519,-0.00183284374082341,0.411884376949712
1.39752811257971,0.489438244954972,-2.40201183391358,-0.0018161574612161,0.383346217333809
1.49316474098904,0.470021688738692,-2.87885855754049,-0.00219845327209969,0.406955936479485
1.26820824610549,0.428209497285905,-1.90417583808104,-0.000872262161945525,0.453136440774801
1.38383721512002,0.556693598889954,-3.61751950726218,-0.00225674945910163,0.426205953436875
1.55034489768692,0.418618223867279,-2.99314785985269,-0.00164648605023586,0.457226342034273
1.39522280866557,0.507145938756851,-2.70656904767232,-0.00201490158504882,0.412539110440569
1.3691122646694,0.516042955589666,-3.47289306238484,-0.00204821543426463,0.436723423863517
1.37460912171319,0.492440598157237,-3.18639366846089,-0.00180716397873576,0.395520208056639
1.53411187678103,0.313151237396709,-3.07902698971303,-0.00126066728209763,0.47762212295631
1.44277646603338,0.418403734535448,-0.523292822986825,-0.00186714544213775,0.445163717215661
1.61218386777087,0.425310333042436,-1.8236584493535,-0.00227016859280576,0.419578525027268
0.93085035801843,0.677055263097901,-2.57346197640501,-0.00128542834654348,0.421048031729034
1.21620310459844,0.60965568674524,-3.8243866544449,-0.00185434406418629,0.429164499916206
1.31895177941798,0.481420727748395,-3.15257038390961,-0.00134798449045711,0.409910437755735
1.25237365273144,0.465372418229052,-1.32781722001052,-0.00137236297349842,0.432033346663149
1.15772981145482,0.592235999142355,-3.10917625682357,-0.00131486818687177,0.430799785979637
1.52131017229799,0.391932948198576,-3.45650572742061,-0.00163631631649959,0.39522825863483
1.33956569183969,0.448432957545711,-2.20022844934213,-0.0012481157067905,0.433326661966683
1.47862717798911,0.519591313391023,-4.2955636861212,-0.00212699184766889,0.417277960613318
1.3962834971358,0.518523540518846,-2.98972368317193,-0.00220428734548517,0.427870767720324
1.51294821067952,0.455705307103281,-3.44066064287535,-0.00194999442570327,0.422114003942116
1.21771416888348,0.458603135230026,-1.91938163517144,-0.00130650709707433,0.371621922073326
1.36844911922656,0.411767725063594,-1.44046665276875,-0.00129376336753845,0.486227616063672
1.46361048822674,0.494019767221084,-3.24723183174277,-0.0019684587604132,0.412149562439015
1.27417990412599,0.552690035919911,-1.85256502885681,-0.00189978683157803,0.38703404967313
1.67606379450058,0.36447896663923,-4.43008352575555,-0.00194848660699046,0.433106782379656
1.18445692791586,0.560016079085329,-1.88352407202199,-0.0014488877173602,0.41668054903551
1.67792822268139,0.382004860441929,-3.62365198965093,-0.00211645755557537,0.389043291137287
1.64076726703342,0.376864465390489,-2.51064601541259,-0.00187598435328608,0.434653562745382
1.6163116423738,0.448784132900114,-3.5207038958298,-0.00201525642331626,0.417129403209234
1.36126440853338,0.508428423303522,-3.08858105414449,-0.00181410603235071,0.413272516823793
1.40363434894721,0.530261069273346,-2.12979610008589,-0.00223679666322179,0.38196223678324
1.45985884996022,0.49731268391828,-4.25506151783791,-0.00196227207389815,0.385698151837841
1.2493323801827,0.536927737898516,-1.65475464956579,-0.00181773923829826,0.369289993797418
1.42227053861482,0.54611656529651,-3.8584204116291,-0.00219942266699815,0.409808574996528
1.24454868735213,0.557970175745667,-3.23949138593173,-0.00172843738759174,0.418848984797532
1.55954612251399,0.386284958512592,-4.27950204248722,-0.00173507465213295,0.423761044714964
1.40368581750742,0.47255653574159,-1.6434268075978,-0.00205919452917457,0.392478194726702
1.46149755390316,0.444052363331942,-2.25589798586804,-0.00161787594257262,0.428689957740535
1.34902596186014,0.419413065502459,-2.22486522673276,-0.00101753209651874,0.458542826564113
1.44735316565549,0.498781310068601,-1.65047208990302,-0.00233205774340295,0.47419602236827
1.32710938544271,0.509650200709053,-3.03975415399303,-0.00174670749547114,0.402201814482616
1.33436653286974,0.481209829570376,-3.88599092442104,-0.00158052911946748,0.392841262052443
1.36331125896782,0.465073258073698,-2.98486990946195,-0.00138963122001397,0.417466238097579
1.41756187393765,0.416549618294817,-2.09590453067031,-0.0014681798570016,0.399616491141611
1.1346132344593,0.548779884354107,-3.94477675032003,-0.000903831696546794,0.39462160779449
1.29569590898357,0.532251689573789,-0.774043522980553,-0.00201133765871004,0.406179104268518
1.30989771252921,0.477342491906047,-1.7777095502401,-0.00171257875707994,0.384421037276809
1.28752779430899,0.466404688329715,-3.30676269018278,-0.00114551640035014,0.414653370644879
1.05842218924856,0.574672621130836,-3.12879225742079,-0.00126034635706307,0.429513351001543
1.33368086007593,0.442883245930341,-3.72292099764336,-0.000807581247935171,0.418485576882566
1.32335494118094,0.441056963584441,-3.10967164804128,-0.000996081527035735,0.425302412333466
1.20277874658111,0.535892323038536,-3.26224214912985,-0.00134227878205307,0.36757807719723
1.6865373023545,0.366378447643607,-2.97219573616129,-0.00234566507363892,0.406248701589606
1.28360683316846,0.447786872380037,-0.216649323890231,-0.00177042616639672,0.422986596358105
1.3602860657841,0.445691516432964,-1.69655282448523,-0.00173707318888347,0.395452587673277
1.16373651498967,0.509194121927954,-3.04252028724119,-0.00107149435224881,0.421712685554863
1.52781828291094,0.452895180810831,-3.74210795300818,-0.00202070530434194,0.403799938157388
1.61328942386265,0.458301960832655,-3.51537455988381,-0.00252150696916792,0.428285400740084
1.6667045565294,0.355613392522968,-1.13761091792975,-0.00231174299338657,0.413243788606991
0.976602155508383,0.619826255839248,-1.51136313047368,-0.0016288451359827,0.424284176543856
1.65003473970092,0.41454805886144,-5.12905710604254,-0.00193435903798768,0.430779134277571
1.66120810464825,0.39897109635843,-3.05950225444255,-0.00203286634386967,0.41786622927012
1.42341703152382,0.474917598424741,-3.0232314449221,-0.00192294266097471,0.436978474496144
1.11498925281655,0.534314707779905,-1.08223322171168,-0.00152302843073995,0.449606040132928
1.38113538896918,0.49127231371249,-2.5465105067443,-0.0017450076265506,0.399854112502915
1.4565951658262,0.407699790012002,-0.116986165307544,-0.00226906969383903,0.428229646034494
1.52786811651715,0.458282348084602,-1.55356701102882,-0.0022586191304955,0.418479436058047
1.51331085099452,0.450358368312706,-2.23011334783186,-0.00201923093881643,0.37759119459172
1.21056631626185,0.571543635699165,-3.26803288167925,-0.00144804351228569,0.447874562801247
1.44294644515992,0.504628277222924,-2.94370140286094,-0.00216474659093495,0.404660179513458
1.43887990288289,0.448775054895254,-1.42544320658636,-0.0018103682327018,0.387787590352722
1.59933685968344,0.39752510293123,-4.41728543605532,-0.00187897723159879,0.405784179219836
1.47141122590341,0.461195478074878,-2.30214296500777,-0.00208296038242373,0.401510654170136
1.38879821182546,0.375222310046168,-2.06852637847301,-0.00119130431463869,0.424624588530476
1.31088661808395,0.50567313716502,-2.25318114638524,-0.00154853203186229,0.354957102635151
1.21920567663,0.541650209210856,-1.09251859785838,-0.00196265963160719,0.464113356076999
1.32668774660648,0.505027585574154,-1.9704321813455,-0.00205015104085696,0.3890351877613
1.28755129927935,0.51975035697258,-1.78032521513656,-0.00161685118611705,0.386017353728836
1.37444397647418,0.47071008934356,-2.97106152885307,-0.00146723220244056,0.401283931781357
1.42515395567727,0.438322652628049,-2.43098834813394,-0.00160515899945783,0.43168054452413
1.43075472669487,0.491251087637043,-1.86668456223735,-0.00202021100257475,0.437831357719966
1.56268075761469,0.431978998370139,-2.7419537755805,-0.00222118724809582,0.488218852003404
1.16623663111775,0.628378485493011,-4.01568932413333,-0.00165949026249796,0.442280944990748
1.20777030093539,0.478840901838676,-3.76262319856991,-0.000587212581587712,0.440973053174309
1.27588054263112,0.605507998218001,-1.49554273172724,-0.00225939888430271,0.467100040284494
1.21239390553025,0.536268512704735,-1.81402988144236,-0.00153559043541518,0.41054263234204
1.12390505607812,0.537907779020139,-0.925666211468135,-0.00161185400503105,0.410061698926249
1.47496907902731,0.473184405766338,-3.23188888341766,-0.00200952892783375,0.416085374531999
1.35939479368971,0.495995356830172,-2.41712388807407,-0.00164078539201674,0.410659627783306
1.26029882924787,0.564640027612318,-2.68657167204929,-0.0017594366244879,0.424249627294979
