"V1","V2","V3","V4","V5","V6","V7","V8","V9","V10","V11","V12","V13","V14","V15","V16","V17","V18","V19","V20","V21","V22","V23","V24","V25","V26","V27","V28","V29","V30","V31","V32","V33","V34","V35","V36","V37","V38","V39","V40","V41","V42","V43","V44","V45","V46","V47","V48","V49","V50","V51","V52","V53","V54","V55","V56","V57","V58","V59","V60","V61","V62","V63","V64","V65","V66","V67","V68","V69","V70","V71","V72","V73","V74","V75","V76","V77","V78","V79","V80","V81","V82","V83","V84","V85","V86","V87","V88","V89","V90","V91","V92","V93","V94","V95","V96","V97","V98","V99","V100","V101","V102","V103","V104","V105","V106","V107","V108","V109","V110","V111","V112","V113","V114","V115","V116","V117","V118","V119","V120","V121","V122","V123","V124","V125","V126","V127","V128","V129","V130","V131","V132","V133","V134","V135","V136","V137","V138","V139","V140","V141","V142","V143","V144","V145","V146","V147","V148","V149","V150","V151","V152","V153","V154","V155","V156","V157","V158","V159","V160","V161","V162","V163","V164","V165","V166","V167","V168","V169","V170","V171","V172","V173","V174","V175","V176","V177","V178","V179","V180","V181","V182","V183","V184","V185","V186","V187","V188","V189","V190","V191","V192","V193","V194","V195","V196","V197","V198","V199","V200","V201","V202","V203","V204","V205","V206","V207","V208","V209","V210","V211","V212","V213","V214","V215","V216","V217","V218","V219","V220","V221","V222","V223","V224","V225","V226","V227","V228","V229","V230","V231","V232","V233","V234","V235","V236","V237","V238","V239","V240","V241","V242","V243","V244","V245","V246","V247","V248","V249","V250","V251","V252","V253","V254","V255","V256","V257","V258","V259","V260","V261","V262","V263","V264","V265","V266","V267","V268","V269","V270","V271","V272","V273","V274","V275","V276","V277","V278","V279","V280","V281","V282","V283","V284","V285","V286","V287","V288","V289","V290","V291","V292","V293","V294","V295","V296","V297","V298","V299","V300","V301","V302","V303","V304","V305","V306","V307","V308","V309","V310","V311","V312","V313","V314","V315","V316","V317","V318","V319","V320","V321","V322","V323","V324","V325","V326","V327","V328","V329","V330","V331","V332","V333","V334","V335","V336","V337","V338","V339","V340","V341","V342","V343","V344","V345","V346","V347","V348","V349","V350","V351","V352","V353","V354","V355","V356","V357","V358","V359","V360","V361","V362","V363","V364","V365","V366","V367","V368","V369","V370","V371","V372","V373","V374","V375","V376","V377","V378","V379","V380","V381","V382","V383","V384","V385","V386","V387","V388","V389","V390","V391","V392","V393","V394","V395","V396","V397","V398","V399","V400","V401","V402","V403","V404","V405","V406","V407","V408","V409","V410","V411","V412","V413","V414","V415","V416","V417","V418","V419","V420"
3.1243753792017,3.11307854582333,3.09199540963609,3.11095464098983,3.11748066941594,3.11512196157923,3.10280194402684,3.11270847857977,3.11330760321017,3.09891310345619,3.0912311092177,3.11249898767251,3.11397538797506,3.09178669182245,3.09648908317534,3.09749369935568,3.10775757322944,3.1043048855687,3.10778668583391,3.09739696423901,3.11099807682659,3.10579919001133,3.12184024738239,3.11261685581172,3.10714981505376,3.10921430034508,3.11162594752154,3.11055901661107,3.1186659775802,3.11206553296522,3.10591597757894,3.11511014983106,3.12142240919296,3.10770986458181,3.10385413341617,3.10595768442552,3.11045431486234,3.10755592924704,3.1121151556527,3.09188065524536,3.11057038443829,3.11216136388609,3.11226328778796,3.10739280196125,3.10188822244038,3.10913667275909,3.11537227412633,3.1113675838132,3.1058028769786,3.10755660246009,3.11253625673222,3.11708919846395,3.11341318914659,3.10763737434202,3.109980298432,3.1187255850846,3.10343454510211,3.10249327516014,3.11183002836707,3.10880379411167,3.11584817472281,3.12029258768708,3.10555249821896,3.11057226920576,3.12135618562186,3.10758171382636,3.10186594580818,3.10143531798079,3.10396706286074,3.11007281039374,3.11261685581172,3.10673852232228,3.10224408682223,3.10663440104301,3.10136100139559,3.11389924347977,3.09692450776712,3.10905098997925,3.09939805956766,3.10932973074179,3.11897164667684,3.11501082442354,3.12125566487261,3.10679197097374,3.1238596690928,3.09877991748367,3.1039815983163,3.12200432385435,3.1130209167646,3.10988602340805,3.11244649177391,3.12342269820859,3.11690087913147,3.10893389181394,3.10030690883943,3.10950434404548,3.10180905770731,3.11092757243035,3.11308154278265,3.09240920644324,3.10204782460821,3.11883009805222,3.11434084479256,3.11227400640456,3.11125052229081,3.11458266544533,3.10955345886764,3.11270430046718,3.11917716584111,3.12133805943762,3.1131395085873,3.10779045364718,3.11486613187447,3.10978551734439,3.10477334978786,3.10719980009488,3.1063019527475,3.1049059490053,3.11509791273053,3.1134291769119,3.1158329648256,3.11831621033083,3.09821192639225,3.11867226978399,3.11952398964769,3.10598740177459,3.10831298139123,3.10530553657688,3.10691958934982,3.12041683643731,3.10088438809178,3.11415985372929,3.11380301216366,3.11262238833015,3.1148504264998,3.11969915260737,3.10947530706474,3.11701263594286,3.11945673758461,3.10530955801203,3.11407699790732,3.11438466724688,3.11593573839861,3.10710347657224,3.11323772602609,3.1186659775802,3.11726149875861,3.12388893004693,3.1206199965103,3.10626728950362,3.10277736092804,3.12489400756785,3.11138158417239,3.12401974322161,3.11708208037558,3.11345550850177,3.11632878428703,3.11566022949324,3.1160770434744,3.11787315810586,3.09941929870294,3.10161531659666,3.1059537732805,3.13270469731717,3.11410598405736,3.10904847036409,3.10963528907515,3.10210056451719,3.11245463359448,3.10518852296296,3.11704029197773,3.11166754894935,3.10595334270844,3.10004222055092,3.12355176885917,3.1124427645897,3.12222241805703,3.11483222146472,3.11514749450074,3.11192972617951,3.11391038731311,3.1050104759002,3.11336042839089,3.1124427645897,3.10166071107715,3.11868202962031,3.10785642445759,3.09853175032852,3.09745339451705,3.11843980444247,3.11536089077375,3.11716946393258,3.10356286468966,3.10824148003636,3.10824162691947,3.10904536681416,3.11115504315272,3.11019361957688,3.10485771683719,3.10883258873827,3.09541005520272,3.11770816771574,3.11750477772536,3.12149898477985,3.10558548428815,3.11809887354119,3.12326249621042,3.10684616157308,3.12650284013342,3.10746164857618,3.10700879117275,3.10336644229188,3.11079351543399,3.09937686735078,3.1015152187656,3.10209950823253,3.10233654336357,3.11539134029909,3.11599983071017,3.09750568609583,3.12413927331777,3.10563713100089,3.11965266823303,3.10603101592062,3.10832765196097,3.11512384786515,3.10708747770027,3.1089495189074,3.10626213913816,3.10354035812245,3.11369676612616,3.10874799989874,3.10162126262085,3.11436321461266,3.10556463101538,3.1165985030656,3.1099067575029,3.10571069172305,3.11599426213105,3.09642610668123,3.11117611001127,3.09923215337686,3.10400616834594,3.11494945022267,3.09782934679495,3.11431799990511,3.11612036341048,3.10727695492576,3.09693171250815,3.11083696295828,3.1218870890112,3.11165255133685,3.097173599445,3.12004043322486,3.11471443918141,3.12881455688486,3.11016457685935,3.10880379411167,3.12683645170911,3.10477128316464,3.1067221434749,3.10856753679906,3.10103512466895,3.1111310284424,3.11494260444938,3.09969967827252,3.10586665589571,3.11495433711047,3.11321035814741,3.09947475698033,3.10376792599072,3.11117246840903,3.10441436980458,3.1217314633592,3.11129120087008,3.1091228865726,3.11072421240307,3.10504004194733,3.09241192133842,3.109792215601,3.1005909114187,3.11033273781649,3.11920275152949,3.12195580500068,3.10741696116999,3.10802745135276,3.12134225623776,3.12676644457388,3.09668089155492,3.10324617019975,3.13921261040846,3.10576726810935,3.10322964898958,3.1117843072435,3.09288328505254,3.11629849604719,3.11446083575343,3.11182622902794,3.11374404118444,3.11404543825871,3.11042734219421,3.1050104759002,3.11388692835546,3.10865750994372,3.11443087233375,3.1206471733239,3.12592543915388,3.10928658255836,3.10451161737664,3.10599598687562,3.1126632918668,3.10366111582642,3.12216330614285,3.09741167890996,3.10172822129903,3.11629102994003,3.10924428309946,3.11643956535623,3.12378277802577,3.11595331454505,3.11278708473419,3.1065113842628,3.10421556378267,3.11282494007875,3.10536704080491,3.1046229209804,3.11277154991237,3.09958673735281,3.11174139191913,3.11436712422584,3.11620903474175,3.10678278733076,3.10578201693414,3.11013828125912,3.10768049693212,3.12579793630564,3.10961749349175,3.10326211914422,3.11713029908025,3.11105840395216,3.11529304383269,3.11675620684555,3.11954417441572,3.1055491536286,3.09814454196777,3.09930748109504,3.11814461370751,3.12217019978514,3.09345753978597,3.11529304383269,3.11546189032592,3.10323833662176,3.11668612597099,3.1053595427852,3.11051868407089,3.11117159976988,3.12144169268572,3.10966994231577,3.1173528590953,3.11325441505171,3.11215021715381,3.10657334418001,3.11131973088045,3.10979090637266,3.10645701373347,3.10893940437265,3.11689353122596,3.11312271020572,3.10512986387754,3.11048485476846,3.12752602988213,3.11610880083435,3.11365712420476,3.11703344165976,3.10109384504643,3.12228884684903,3.10148548218113,3.11010848616791,3.11061693426701,3.10779851074223,3.10583273388706,3.11521172877983,3.11417987515344,3.10193868237047,3.10436132716121,3.11262535961256,3.11570958184495,3.11495952375583,3.1135978398804,3.11437185503098,3.11584582824514,3.11836169453046,3.11048338419457,3.11595331454505,3.11285591218067,3.11306366331106,3.10532902342546,3.10293062974773,3.10027604707205,3.10459538974458,3.10033527746842,3.10582554162879,3.11286488733283,3.10755660246009,3.10688023182203,3.10901325513273,3.11974390397735,3.11250244562575,3.1150452947588,3.11388137351498,3.11009361287029,3.11846504079823,3.11020042604253,3.11599015041855,3.10648506091499,3.11210873682385,3.12846603308239,3.11980671143175,3.10953788969375,3.11441316086085
3.11346270272253,3.11281986998197,3.10647722885059,3.10319843657682,3.10437678429155,3.09931940596885,3.10560888194703,3.11497023650021,3.11404543825871,3.10729696516702,3.11264064135727,3.10280657813004,3.11232808714656,3.10771926116424,3.11141882029802,3.11579060036543,3.11132796683958,3.10851132264106,3.11194326807804,3.10956864229655,3.12422536599393,3.11676803058569,3.11980668907614,3.11929667307963,3.10713310350909,3.10383257180383,3.10083007256657,3.10887615958739,3.11252825499465,3.10383515507082,3.10563713100089,3.10477362915507,3.12224699075981,3.10974934176286,3.11247824596937,3.093416312182,3.11209247032697,3.10492460443021,3.10301090211138,3.11232551906952,3.10173386588222,3.11257976059548,3.09977370837888,3.11366897485987,3.10927842202097,3.10047073855097,3.11991105945027,3.09977692970649,3.12004161334602,3.11127872662986,3.10501871272547,3.09894379080479,3.1268529642382,3.10874799989874,3.10300720025907,3.10294944738863,3.11058813830589,3.10204974005123,3.11156245959645,3.11659511334219,3.10275962137989,3.10105951646235,3.10357339221076,3.11050883847312,3.10963255845451,3.13076573606702,3.11249022141357,3.11324132867635,3.12582750087214,3.11915365210239,3.11726074630988,3.10981964504216,3.10802321548548,3.10019389436721,3.10645507154058,3.11148626555428,3.1196534346631,3.1088426290311,3.10941472601084,3.10687795143736,3.10773124238913,3.09518834790167,3.11633827362797,3.11286680805376,3.09995456720911,3.10211708503387,3.11205575278091,3.1091653726691,3.11297535058688,3.11516377307136,3.10800016440091,3.12883140710322,3.11200665053468,3.10753668217408,3.10247858995343,3.10923226022659,3.11786973312438,3.12579793630564,3.1047798062413,3.11780632212154,3.11434430002444,3.11071268327947,3.11150885997728,3.1072554861271,3.12346403886234,3.11277561245547,3.10439641385294,3.10427709737094,3.11749902517727,3.11128376315863,3.11662755795127,3.10626190640789,3.10612772322884,3.09776817241278,3.11117260692689,3.10423518001162,3.12215349183968,3.10720462378966,3.1191764282756,3.12850104646563,3.09715971993383,3.11546189032592,3.11292212566957,3.1203896231682,3.10145677992706,3.11813065725432,3.11468450326433,3.10916822992145,3.12230032787185,3.11438466724688,3.11715686320675,3.11098379802965,3.11276061780057,3.09656443900351,3.10371316562,3.11344198873251,3.11101294513263,3.10960716642174,3.11914411261527,3.09995506665496,3.10933853785671,3.1187540463502,3.12456533776987,3.12230032787185,3.10445004110268,3.11211845213151,3.10398066809542,3.11991028231297,3.10446360614401,3.10720598843801,3.11400081704831,3.10397935795465,3.10562601223038,3.11343720281262,3.12864463661519,3.11050356899502,3.10882253687769,3.10987868316616,3.10018998184673,3.10856604353127,3.10491583486541,3.11647628904625,3.11507012105955,3.11414816244746,3.09832396054176,3.10092811930195,3.11994749335033,3.10784042211547,3.10361941841488,3.11498902161358,3.09906885564995,3.12292310594061,3.11660226567615,3.11480794593694,3.11149946241748,3.10051496183594,3.10863844083321,3.10705648541423,3.10576327101359,3.10531652471898,3.10008312946211,3.10597996134345,3.10692709230538,3.11133392743453,3.11185744395855,3.11999583958602,3.09818904990994,3.12310127513308,3.09874314092445,3.1229538575496,3.12962323561311,3.11117246840903,3.11070185701085,3.11979984283438,3.12470449421332,3.11842406082987,3.12145021540973,3.10497849348338,3.10394519601556,3.12134225623776,3.09863079035963,3.10483609780987,3.10958432636086,3.10759077656118,3.11827124615842,3.11612036341048,3.11217983687112,3.10623737515552,3.10965025107362,3.11477905306481,3.10418793390063,3.10802369695737,3.11666863410365,3.1016246198597,3.10865039344804,3.11177440991335,3.12032954124093,3.11633990753549,3.12460077437986,3.11253625673222,3.11194634103539,3.10082426636379,3.11677917425188,3.10495967287852,3.11113505258253,3.11797017333854,3.11343363001858,3.1216709709759,3.10371067920038,3.1150452947588,3.10705648541423,3.12189912640888,3.11519672599531,3.10986658257095,3.11705990340867,3.12498958801781,3.10860951749216,3.11065939326256,3.11319219118486,3.11571522068214,3.11926000121075,3.11838516201488,3.10755365761356,3.10694279005397,3.09851372499508,3.12342319586649,3.1128711096992,3.11002035713714,3.11289166001177,3.12538125785457,3.10393153476041,3.11637499748449,3.10755503743521,3.10686697941921,3.1304400996339,3.11228259631095,3.10475294776201,3.11041467182939,3.1160770434744,3.1150452947588,3.10731463501752,3.10600337622153,3.10925776531863,3.11465366194135,3.11001852549292,3.10734837406754,3.11216136388609,3.10892080030983,3.10755503743521,3.10947093233044,3.11472177559014,3.11651236665574,3.11033567724588,3.12187708241341,3.12236535596591,3.11043178262844,3.09811358915588,3.12112548718371,3.10605940567249,3.12080455548234,3.09941929870294,3.10826044313977,3.11765649806303,3.11775087937482,3.11063299921308,3.10666071276735,3.11505077213947,3.10678528811479,3.11708711191341,3.10508053950947,3.11874470744101,3.12102207684343,3.09803274095759,3.11035608021855,3.11409742987326,3.1124427645897,3.10727695492576,3.12812188607943,3.10176096429621,3.11844993147795,3.11010797512409,3.11846681431685,3.10018416117311,3.10224603444518,3.12272564433338,3.11328063279151,3.11414323977329,3.11280055417435,3.11277480394262,3.10597137347003,3.10243430142865,3.10372995293443,3.12243774672586,3.10975269241053,3.11060897788744,3.10294841291102,3.10321232242277,3.12234853601198,3.11478898216366,3.11793810567257,3.11371033441043,3.10943873288558,3.11637172894028,3.10257449389184,3.11329990693218,3.11889740182142,3.10494369276726,3.09714045350796,3.10908892209761,3.10403300884197,3.1075313642047,3.11323264295872,3.12519937339565,3.11335539680107,3.11045232456091,3.11784304443766,3.10585213009403,3.11192655574379,3.09564766803299,3.11122943626882,3.10365083453735,3.11743668698044,3.10564498429266,3.11503363778406,3.10467183369061,3.10796094684478,3.0990228940895,3.107548377014,3.10869777963389,3.12065102776281,3.11863793643739,3.0981013512158,3.10991723077927,3.10164079120566,3.10414210018372,3.11234024356815,3.11266294285695,3.10982132662175,3.10190469364408,3.10887998739407,3.11097480943482,3.10323244725469,3.10900836681389,3.11083895994303,3.11372212519476,3.11212543135377,3.10631353697665,3.12167162215373,3.11807700343592,3.10853981862893,3.10810587333728,3.11369860940233,3.09869932809918,3.10591382429505,3.10841682489194,3.11561929507825,3.1111482829504,3.12047833359318,3.10743852644455,3.11212310428419,3.11861659428174,3.10713282441334,3.10457599494886,3.10813390062826,3.11079461278502,3.09562925615508,3.10149247455345,3.12961140705484,3.12195348056759,3.11781239352536,3.10829078491041,3.1121014632314,3.11378912883578,3.10897160780003,3.11022480403519,3.11085616537912,3.11114454726915,3.12252988013336,3.10928036021022,3.11593793306184,3.11262446403018,3.11382127832951,3.10459709039019,3.10069537900904,3.10531384150605,3.10861966388611,3.09712964887859,3.10734071918614,3.10559780787609,3.11412727213392,3.10606168890781,3.10575503720242,3.08919114899224,3.1092376416982,3.10636810968457,3.10133729236507,3.10754117537664,3.12322653511694,3.12273082109091,3.11580678787613
3.10935619855506,3.10989026070669,3.11580810730285,3.11321647334193,3.12088132789885,3.10826668429814,3.11372212519476,3.1045708965574,3.09688891917346,3.11442735445738,3.11166481687116,3.10463600276374,3.10978454375763,3.11127579992111,3.10626058913954,3.11440151118958,3.12382128813481,3.10221328207397,3.09290499781449,3.11191641807756,3.10478253508288,3.09981874248508,3.10626728950362,3.11772583916008,3.09805309939087,3.10414971787706,3.10585675839729,3.11806947309687,3.12719940213943,3.12077476674859,3.10849172208591,3.11301440490574,3.10209649964024,3.1217314633592,3.11735621994884,3.10979938416055,3.11173330323369,3.11282494007875,3.10725328059293,3.10993556357304,3.10629509756507,3.12027153239467,3.09235449826089,3.10614401499291,3.11252243231946,3.10292971076312,3.0965607534002,3.10559757824671,3.10520238211583,3.10457709337055,3.10271751862063,3.11484651396714,3.12174032871254,3.11067297463578,3.10869251853445,3.10511458272574,3.10955345886764,3.10987018059517,3.12431618085546,3.10879999085359,3.10251805909331,3.12358139337988,3.10729927578205,3.10438356847552,3.10452090626226,3.11637499748449,3.10644254264702,3.09779943197514,3.11037658984969,3.11302965137564,3.10073960273585,3.12201529995613,3.10469399858535,3.10741467082046,3.1302583584371,3.107044462845,3.11829525177638,3.10224603444518,3.1090715416979,3.10750625731486,3.11543434385646,3.10562601223038,3.1227195362349,3.10495579410268,3.10343659958149,3.10796962287111,3.10093944244365,3.10612830775908,3.09046274118402,3.10812596760574,3.10405399359593,3.09437465077261,3.11146430838681,3.11036905059343,3.11132796683958,3.11116505617933,3.11634524687229,3.11165653904394,3.10626793338967,3.11904470125117,3.10395928136625,3.09959033366406,3.1092185833995,3.11260270568907,3.09855276184002,3.10666071276735,3.10977171035607,3.11160951224533,3.10430729166891,3.10969144791753,3.1124561830813,3.10361402534101,3.11686475628781,3.09911146853347,3.12173211682415,3.1039815983163,3.11092757243035,3.10012634990254,3.10003995520141,3.1191303871477,3.12174173870989,3.10398066809542,3.12464507377833,3.1048686305939,3.12546274883128,3.09998624061148,3.11155668451038,3.13112993600064,3.11701848580244,3.11277561245547,3.0969454713799,3.11356355796351,3.11432818071509,3.10901482767558,3.10536849542227,3.11425568791424,3.10714528677231,3.10248146869842,3.11142857931956,3.11054606821133,3.10098311003969,3.10982243215743,3.11892716616262,3.1065023604751,3.11368474729205,3.09491484392253,3.10610734681288,3.09810980215467,3.10222026503435,3.10811975793127,3.10953218869245,3.0978856032779,3.12236237314101,3.12413927331777,3.10728412892243,3.10134873547093,3.10403300884197,3.1082368185565,3.11504158208517,3.11397495662261,3.11009317688988,3.10770162218794,3.12458104860559,3.10984673572551,3.10359025788351,3.1013962996774,3.09882371541583,3.10501379380439,3.11721746636577,3.11333214916219,3.0960602893073,3.12314208986654,3.11106852126029,3.11061003897179,3.1041220681299,3.1098841399374,3.11963489347666,3.09924598294523,3.10441476180627,3.11405141600335,3.10703793512396,3.11860111013267,3.10661606456292,3.09829826585421,3.11134084091185,3.11234467561265,3.10357779733051,3.11204788841316,3.10498020824663,3.10516906677466,3.09983065936654,3.11287584692948,3.11149267614853,3.10274708632052,3.11225027680076,3.11051184995768,3.11431961273523,3.10894952221228,3.11101901883148,3.11061693426701,3.11970634151343,3.10889912517159,3.11131857254773,3.10884758251817,3.10985617465635,3.11391228650944,3.10877700714738,3.09899347375406,3.11269704372845,3.11169154838487,3.10319192613983,3.11526283218465,3.11458266544533,3.10983368006263,3.12148519928954,3.11275610168275,3.11093537188515,3.11288664879968,3.10905332827403,3.08761691227597,3.11167833364742,3.11894555632736,3.1268529642382,3.09877623735125,3.1254193988168,3.11588635492632,3.10388330421306,3.09753577045717,3.11720864638255,3.11034625064626,3.12094443425647,3.0992400786032,3.11604044514219,3.11254950203447,3.0995059440548,3.11182468348831,3.11162060115254,3.12417720500254,3.11736292386568,3.1166672944177,3.09842741050772,3.1113675838132,3.10986771148723,3.10405191514214,3.12131476055623,3.10972855665044,3.11798245105023,3.12637004973399,3.11012333608024,3.10135922213131,3.10920081139924,3.11070083929267,3.11451175733729,3.10623025893958,3.12158007237985,3.11749902517727,3.12911413790882,3.09978155587968,3.10889988712567,3.11605687335312,3.10134873547093,3.11461336738399,3.11039084823561,3.09508749739071,3.11786082424039,3.11684442701013,3.1053569449009,3.1019907412007,3.11091961133795,3.10601244832802,3.10928036021022,3.1205838963653,3.10336063068264,3.12171269003587,3.11754408080761,3.10591805873143,3.11144664014981,3.12134647555236,3.11490491786146,3.11468165631717,3.11874470744101,3.11922882206233,3.09879601006563,3.11404642476093,3.1090662117322,3.10399110636689,3.10933541912781,3.11440151118958,3.12310399764398,3.10554518367867,3.1034043263868,3.10814163402665,3.11077033600218,3.10554564791504,3.10246113910332,3.11919835827861,3.10865039344804,3.10629509756507,3.10095603396013,3.10526039435967,3.09306736308982,3.0970197931788,3.10188217311494,3.10923605824206,3.11332852336059,3.11481670220589,3.10782511292387,3.11023131554461,3.11158530921938,3.12006691561921,3.11323097564738,3.10381677864126,3.10994966828233,3.09390920672448,3.11581755900117,3.11592105391857,3.10981393395209,3.11017860362027,3.10833885326727,3.11170221359771,3.10039318972683,3.12431915717764,3.09518834790167,3.10106312288466,3.1134963054666,3.11692052000468,3.10778714601687,3.1008531297172,3.10049485379398,3.10829078491041,3.12129705216995,3.09973213122968,3.11286488733283,3.11187010584106,3.11527909376959,3.11054606821133,3.10400616834594,3.10946021925663,3.09030706813668,3.10666977676258,3.09980081667759,3.10319618785247,3.11249983172036,3.11558774614594,3.12224699075981,3.11507774550483,3.10060316888076,3.10245449631648,3.1125407762009,3.11277480394262,3.10516298793657,3.13171342002236,3.11262859421806,3.11037021283837,3.10567742570757,3.11952398964769,3.1012394964444,3.10623286754458,3.09995535422335,3.09749337813194,3.10645091264745,3.10821011011272,3.1050104759002,3.11387158947157,3.12058602109183,3.10041645641465,3.12666822270627,3.11511014983106,3.10239160181943,3.10590799564093,3.10447633279788,3.10255659256785,3.10855575672402,3.11336239807226,3.10643732463024,3.11464816622914,3.11952526374931,3.10991763414331,3.10394656225932,3.11487984128681,3.12195348056759,3.11686007914322,3.10795515224325,3.10912490402656,3.11736939375147,3.10051866783991,3.11525479483272,3.10176096429621,3.10351763539262,3.11527941394745,3.10305500484577,3.1164881322779,3.11346974076701,3.10623655069523,3.10843496084413,3.10064049884534,3.09869145211553,3.09854943960887,3.11166343954071,3.11328688261808,3.118738027245,3.11360191363417,3.10757747546331,3.10729552686827,3.124878878982,3.10366605064445,3.11527692677639,3.10406704316797,3.10217991925507,3.09986601365927,3.11828591327509,3.10521757051542,3.10511987209839,3.10660411878531,3.10210056451719,3.11695855842826,3.10494601509097,3.10679197097374,3.11568889771285,3.10802133719182
3.11867008178663,3.11403897530477,3.11892716616262,3.10695004041949,3.12796896762614,3.10814729870812,3.10538694351708,3.10152129150323,3.10575129791773,3.10415060716095,3.10946597282374,3.11229088687227,3.10535893726419,3.10654875156524,3.12125864010032,3.1137759802334,3.1099046953091,3.11164621716568,3.11181903374391,3.11509951753712,3.12760457599995,3.12019939876186,3.11340547448881,3.10797493421138,3.10436005299558,3.11146967636419,3.11345112924037,3.1137917336556,3.12246004208288,3.12227917256398,3.12210883111876,3.11282425228211,3.10380077201556,3.1088203253832,3.11487514530351,3.1055111762918,3.10613995670378,3.12159123243339,3.1088366629236,3.11388692835546,3.11375812037408,3.11392910660208,3.11168516660661,3.11260270568907,3.10754399687448,3.10742395156657,3.11423803207838,3.106627765313,3.110759970631,3.11300628434186,3.11151502853983,3.10310823048399,3.12238017295866,3.10756007262873,3.10914624436235,3.10996767458146,3.10447109304569,3.10624044579536,3.1119620579597,3.11870164380393,3.12181371591205,3.11152582158569,3.10439907096641,3.12061234739553,3.11115459573799,3.09855276184002,3.10262218814778,3.11183662228703,3.10336760338268,3.11140949387253,3.10602446451947,3.12098046365239,3.09294449797065,3.10126731807968,3.11098528911696,3.10081187094534,3.1045159544597,3.10695255709551,3.10595334270844,3.1237402563552,3.10347930563602,3.11006586510238,3.10912759373962,3.10166383134799,3.11490491786146,3.10549967380761,3.11745899310887,3.10949929260108,3.11372600397039,3.09810007246156,3.10963662770865,3.10113331672703,3.11247345162573,3.1177999748087,3.11268389250453,3.1058028769786,3.1268529642382,3.11725438345326,3.11373355074335,3.1074088209103,3.12413035306992,3.10165149140841,3.10489712285016,3.11496992125543,3.11158061875909,3.12519937339565,3.10113331672703,3.10992954785832,3.09464826437363,3.11829450893459,3.11504670224904,3.10701178251882,3.1078619300557,3.10736532305979,3.12714705003186,3.11706559348941,3.12911031052204,3.10512012262099,3.10520053765695,3.0977304474839,3.1254193988168,3.10995802301509,3.11474907226699,3.10561598970351,3.12002587747063,3.11017834340541,3.10485746945039,3.11277174215092,3.10681099362903,3.11257527067914,3.10047073855097,3.11774415388001,3.11475672254638,3.12803906418977,3.11961846611942,3.10082591481834,3.10720111889083,3.11400177992166,3.10789689807236,3.10763681551853,3.10327196255273,3.12593526536802,3.10255995943963,3.10262314928342,3.10483269386253,3.10459935444088,3.11216136388609,3.10692387504275,3.10125133476624,3.1285039811972,3.10798266557944,3.11512492403188,3.112640524056,3.10678224347698,3.10537970038863,3.11978686476257,3.09770963440888,3.11262825148501,3.12355001508048,3.12906688284925,3.10200604015587,3.11681558045906,3.11871617814305,3.09816015748869,3.10718598958117,3.11622010164445,3.10817690047624,3.11465366194135,3.10018372051717,3.11248419860483,3.10850468255902,3.11097387002943,3.11947952059312,3.10414718388199,3.11266249080737,3.11439780799625,3.11323097564738,3.12064764731586,3.10885546485987,3.12865696702867,3.10069537900904,3.11372788134661,3.11083711508316,3.10526398845392,3.12140016802933,3.10415327146911,3.11966612768613,3.10341547288255,3.10996367157365,3.1120482150312,3.12558408375869,3.11372444108862,3.11667862225997,3.10660388142434,3.12310235071769,3.11155394608125,3.11451175733729,3.11512131880871,3.10006093874821,3.10966994231577,3.11430876053398,3.10643077008452,3.12637643720861,3.10148746250056,3.11801868523978,3.11420805376211,3.09640793855196,3.10875426482502,3.10806318777169,3.1020411495777,3.10354142542304,3.10965558253161,3.12265404792752,3.11600480214044,3.1097934336047,3.11673333749704,3.11370079616692,3.09792982194332,3.1254193988168,3.10967049261891,3.11466523164514,3.10537898803482,3.10257449389184,3.1120925814079,3.10960716642174,3.12248118731788,3.11494820788239,3.11757356546497,3.12795552410364,3.10944002496831,3.10155332390924,3.11899869253268,3.10906271288004,3.10067630637349,3.11504670224904,3.1109519926893,3.11200871435778,3.10398066809542,3.12625416789933,3.11547696310672,3.11284877652943,3.09970358467902,3.09687530760802,3.11608528502601,3.10705648541423,3.11632878428703,3.12468020629411,3.11431508630519,3.11013893847381,3.10913398981168,3.10081537710324,3.10518839644218,3.11040938014988,3.1209268355745,3.11493677464146,3.09872714484776,3.09319119481656,3.10496852166076,3.10136140827974,3.10705359229208,3.10776663415068,3.11068694722261,3.11623731227002,3.10920725884432,3.11134056922322,3.11768045452453,3.11531159662456,3.10047842502571,3.10128446282454,3.11070083929267,3.11923563340797,3.1092224267835,3.10294520099441,3.10129724284238,3.10729016234296,3.11001942047058,3.11942969293595,3.10682160607012,3.11626106461582,3.12247424954182,3.10207474195478,3.10610205200287,3.10486388147461,3.10206439938314,3.11135922255756,3.09846268586186,3.1063481331458,3.10614580402635,3.11002760528714,3.10230759991277,3.1053574067361,3.11689405905657,3.10234351722213,3.10400367192876,3.11146430838681,3.10984673572551,3.10678269110848,3.10509615502785,3.10157756906586,3.11137359769216,3.1027773136335,3.11238834641158,3.10877132529708,3.11708919846395,3.11524846704621,3.11224772397908,3.12650284013342,3.10663793591061,3.10816811528999,3.11302965137564,3.10645784553849,3.10959149572778,3.1105709660314,3.10598247830559,3.10701237112222,3.10487627061537,3.11947863552644,3.12090490430965,3.10267761963342,3.11079467135016,3.09199540963609,3.12102207684343,3.10291277847688,3.11023131554461,3.10850709596383,3.10593888292747,3.11343393523191,3.11981915282051,3.12571579336271,3.1124558325446,3.10003046351866,3.11195103008649,3.11044263612641,3.10904363707332,3.10952338003881,3.11020350138672,3.10589063012995,3.11639415485804,3.11530674660247,3.12243774672586,3.12541118071415,3.11492666535799,3.10454196075287,3.11725438345326,3.10599219193387,3.11788096647295,3.10134957497776,3.10682304998292,3.10905084660881,3.10124020129165,3.10479729271165,3.11394608496181,3.11098088721513,3.10931321203051,3.10559646549684,3.11016929745617,3.10628874878268,3.11578485033023,3.10210623142361,3.10708063856848,3.10956864229655,3.11089551264103,3.10713881698013,3.10682304998292,3.10138524908288,3.11520981363714,3.11034522191424,3.10659427603362,3.1161828011258,3.10911912062282,3.10773805418827,3.10785302236203,3.11013893847381,3.094257957216,3.10778088681104,3.11092128975911,3.10437244856558,3.10432108917695,3.10240672256489,3.11100348939174,3.10828496842881,3.11069022438966,3.10675276910347,3.09785587403849,3.11474928375239,3.10262212669804,3.13276142917703,3.11050757214522,3.11464815362694,3.12232711678666,3.09418834835778,3.12384049868134,3.11320388017982,3.10992271470111,3.10588953489356,3.11750477772536,3.1024959706707,3.1057320198512,3.10382829872827,3.10093944244365,3.10304299249548,3.11965266823303,3.11430989092599,3.11493785776754,3.12210883111876,3.12142716282218,3.10198640652976,3.11668508872929,3.11938886496239,3.11149297317324,3.1094969177877,3.12131851974366,3.10586190736805,3.10897301031524,3.11676387291398,3.10537950243528,3.10997189518832,3.11709392011276,3.1020411495777,3.0983281486482
3.10217991925507,3.1208090348386,3.1097585398736,3.11292008286863,3.10179150484738,3.1081778028002,3.11387546913045,3.11313718448508,3.10595829667759,3.1063721661239,3.09945794221433,3.10835297991968,3.11554072017614,3.12680873738287,3.11670342200793,3.11879167433475,3.11291638278016,3.10517351595234,3.11146430838681,3.11837843426543,3.10483269386253,3.116056478686,3.10439641385294,3.10671100713462,3.12566029253103,3.10108304686023,3.11083711508316,3.11289735669429,3.1173001807394,3.11578709883673,3.10463367539483,3.10293050593444,3.10780544090606,3.10856281673739,3.10579919001133,3.11166185405314,3.11952526374931,3.10349786046346,3.11151896815631,3.12195348056759,3.12378706705047,3.08650674930869,3.10278080055955,3.1092389982998,3.10791689206245,3.11144809061363,3.10669739363723,3.10530955801203,3.10495919570767,3.11668951817012,3.09539912719285,3.11576039008939,3.11323264295872,3.1168092962543,3.10627763567929,3.10063122652743,3.10595829667759,3.10540458036599,3.09860831661606,3.11571969318974,3.12084447074733,3.09750568609583,3.09755654310913,3.10682223311088,3.11736852099141,3.12579793630564,3.11485515829471,3.11763403219787,3.11400177992166,3.11372123900663,3.11145334451845,3.1035320683572,3.10762346529095,3.1056390519018,3.12792973517954,3.11922882206233,3.10942006551184,3.11595454504942,3.09853175032852,3.11151996632429,3.11160951224533,3.10901265072429,3.10253410709994,3.11945335799553,3.11637607862598,3.1049669324219,3.11984993156088,3.10626728950362,3.11921406485252,3.11203202447935,3.10198321970861,3.11987614610725,3.10031027861868,3.12906688284925,3.12589408785544,3.09178669182245,3.12402272440944,3.11326554162756,3.10816252212091,3.09895701181383,3.11342850849251,3.10022396589923,3.11285591218067,3.11677986169748,3.11308154278265,3.11763266328409,3.09402349464805,3.10135922213131,3.11352304307618,3.09537286985776,3.12132551515585,3.11306180768862,3.10544411373324,3.10656269031048,3.10377768103105,3.10839110506439,3.11020691581512,3.10326507201811,3.10478253508288,3.10702376040351,3.1024307709534,3.10871554804017,3.12082440202807,3.12273489825737,3.10837759112738,3.11447806836953,3.1138610495863,3.1229105225379,3.12033965502019,3.11028457287247,3.1116093317711,3.10536870678827,3.11705820186776,3.11772116911547,3.11211194700196,3.12029258768708,3.1142190717526,3.11014894029188,3.11866331618819,3.10149438894939,3.10556550477732,3.10477334978786,3.11643956535623,3.10375026840611,3.12186321490117,3.11442835614249,3.10319936337638,3.11170055176722,3.12282659490278,3.10961471683487,3.09614250717009,3.09762915713338,3.11078521732929,3.11028263181799,3.10232842446128,3.12706060380332,3.11584448626598,3.11692783205418,3.12057385419921,3.11017543542236,3.10012944341783,3.10607201997537,3.11443087233375,3.10954015887547,3.10782207483701,3.10635058126507,3.11559036245306,3.12286296968928,3.11154031413782,3.10652978754174,3.11767929029197,3.09891905495633,3.11020691581512,3.09664557302492,3.11662607097947,3.10344468376229,3.10540564151936,3.11190818897709,3.11109084162736,3.10483170851446,3.10943415281956,3.11122258477074,3.11036356587404,3.10933182168713,3.11253268673712,3.11249617106377,3.10645864482633,3.11661116202324,3.10033169668516,3.10523174058013,3.11044872678302,3.11202704285853,3.10937918441583,3.12983623127289,3.10431545908228,3.09732059601849,3.10720111889083,3.10022876728232,3.11149807617468,3.11743515364933,3.10226360286019,3.11848476497482,3.10596025949007,3.11337914550641,3.10193868237047,3.11081123651548,3.10979090637266,3.10478109464384,3.12085909730069,3.10187542713968,3.10168995536714,3.11333107824568,3.10486376817102,3.10360623272717,3.11265188220352,3.1108352361979,3.10812110466087,3.11187455227242,3.10515176448364,3.10686386949238,3.11576634016296,3.13248219444584,3.12071578340396,3.11956038746578,3.10430033551093,3.10755596623339,3.11280332144467,3.10420787507186,3.12040750139206,3.11145334451845,3.11295798235548,3.10663793591061,3.10134698818384,3.11370567268581,3.11276061780057,3.11689405905657,3.11151231600609,3.1249240053717,3.10998749609583,3.11862437131011,3.11251589253733,3.10727365561226,3.11484394636338,3.09656443900351,3.11871185554859,3.10902484487339,3.11164530377216,3.11525000441088,3.10867620342551,3.10742510462475,3.11166185405314,3.11772583916008,3.11355472688761,3.12175644485391,3.10839562821962,3.12503629745469,3.11331848845811,3.10221461026755,3.1248421371535,3.11255618199208,3.10338756061446,3.11123817912335,3.11211845213151,3.12310127513308,3.11423803207838,3.10382817055858,3.11130128957856,3.11828384419521,3.11295871775388,3.12189500253487,3.10432108917695,3.09909405728257,3.12944017890552,3.11584184979851,3.10627097001399,3.11420116638859,3.10861582054397,3.10255659256785,3.11703344165976,3.10758433298041,3.11473230255947,3.10826686094304,3.1183896132272,3.10624927049486,3.10825642640902,3.11354683342326,3.11774415388001,3.09802458904859,3.10993149097174,3.11103401863206,3.10616990449109,3.10504362489695,3.1252778504506,3.10796845963102,3.12236535596591,3.112121587982,3.1189612212858,3.11039961622398,3.12051167381728,3.11153747728196,3.12442631384483,3.11843980444247,3.09515601735158,3.10182514640362,3.11201151851974,3.10693543630549,3.12592543915388,3.10417653173984,3.10926071995788,3.11799328991026,3.1034043263868,3.10517351595234,3.10188822244038,3.11187010584106,3.1064117600575,3.09787849288997,3.10938551190649,3.11523831600518,3.11829239121897,3.10533170522007,3.10829273844357,3.10668501611051,3.10789719935773,3.11708919846395,3.1196534346631,3.1088366629236,3.10880091783763,3.09894894450377,3.10994147339272,3.11117260692689,3.12881455688486,3.10510221267503,3.11146430838681,3.10179129692336,3.1112908165433,3.11430779020937,3.11588635492632,3.12476583401458,3.10439006242021,3.10006793261876,3.11696384050886,3.11507774550483,3.12102666372041,3.11485487289325,3.12235050021708,3.12140016802933,3.11464590713287,3.10657530599207,3.10101372539616,3.1083791438712,3.11907286956617,3.12912210872754,3.11612748257166,3.11418717028762,3.10752866609281,3.10600034903242,3.10325027419688,3.11400144364906,3.09906885564995,3.11342062570563,3.11579771538675,3.10713682437448,3.11420805320448,3.09666707501806,3.11890806164907,3.10952651431477,3.10849357918454,3.10347698479468,3.09656443900351,3.10432108917695,3.11025091157512,3.11709392011276,3.10992957760863,3.09847668638909,3.10239453536113,3.1187259200458,3.11571910235417,3.11790781544549,3.12220821759107,3.11848739708039,3.10065760738279,3.10758307226975,3.11205818901606,3.1124558325446,3.11930922658207,3.10086314765583,3.11058477162078,3.10097740274385,3.11092767359084,3.10757652394245,3.11524519909183,3.10190469364408,3.11305525990782,3.10587496441828,3.11202966823064,3.11023131554461,3.11508239018218,3.10247856827705,3.11213951748245,3.10462496235575,3.11443313374916,3.11473230255947,3.11759447594978,3.10947093233044,3.10800016440091,3.10479065265113,3.12052403423808,3.10728412892243,3.12895479500916,3.10851405717924,3.11116769845645,3.10601783350277,3.10698433768478,3.10224408682223,3.11748066941594,3.101432530577,3.12307187178806,3.11230769060744,3.11393642029696,3.120316445658
3.10390278637071,3.10749860606776,3.1117843072435,3.10816374959517,3.12573036637803,3.10640426669804,3.10782084261698,3.10412498501856,3.106530421608,3.10442150569544,3.10447109304569,3.09463675684465,3.10117020368131,3.11774389987025,3.11106146089804,3.11224957429678,3.11577322760192,3.10475328022301,3.11668344989909,3.10759437138391,3.10818870615108,3.12500052151764,3.1186424465755,3.11338955484928,3.09735477977429,3.10494619421484,3.1053615006429,3.10440730634483,3.11413252025019,3.11874256276792,3.10139065728726,3.11065939326256,3.10736785038491,3.11323769939998,3.1227195362349,3.10314998747396,3.12225779759857,3.09387194908282,3.11436321461266,3.11549330714203,3.11470116702481,3.10091357233802,3.10050627861734,3.10249507925126,3.11320388017982,3.11498902161358,3.12616465244983,3.11231584183655,3.09816015748869,3.10977941865736,3.1053744999975,3.1173042446608,3.12168297930286,3.12753683687966,3.12012487815254,3.11789711036688,3.11112946713163,3.10887252771192,3.1064641393579,3.11844993147795,3.10165133614343,3.10221461026755,3.12382128813481,3.10295649132422,3.10901265072429,3.11891729321474,3.09910557442454,3.11509951753712,3.10623655069523,3.116388895475,3.11413252025019,3.10736072665374,3.11008998151537,3.11016408223791,3.10983889193612,3.10967049261891,3.10612676272755,3.1165897287803,3.10660411878531,3.1014736891166,3.11676803058569,3.10436005299558,3.11484651396714,3.10956019290659,3.08984467109386,3.10914894039663,3.11280055417435,3.12393783851491,3.11325589880295,3.10184798150852,3.10684579898035,3.11549330714203,3.10140380157737,3.11555638335677,3.12143065085959,3.11297535058688,3.11822653640908,3.10246907408739,3.11216109775838,3.11950314642763,3.09930748109504,3.1012550412404,3.10347930563602,3.10277781818592,3.11416934025168,3.12937406858943,3.10319618785247,3.12055375569792,3.11365155415801,3.09831447817661,3.1010244910181,3.10067988201042,3.09908697059378,3.11999204673604,3.10804219874899,3.10191322353684,3.11305525990782,3.09694773943863,3.11485515829471,3.11633374304423,3.11299915002053,3.11364858874303,3.10051729065457,3.10843723591019,3.11639684155456,3.11610655216772,3.09635784579041,3.11233858686265,3.109980298432,3.1144298043468,3.10849526961624,3.11869353353315,3.10650046620011,3.10700632469507,3.11104089282098,3.14018364075638,3.1113730079771,3.10788098891463,3.10328666479192,3.11801633768582,3.10107191159016,3.10603406412248,3.1144213467975,3.11764636725057,3.1137917336556,3.1200007298823,3.11211203699599,3.10665854858157,3.12113912847089,3.11151970885427,3.11469040393971,3.09018108732572,3.09272474234356,3.12283930105642,3.11991477236174,3.11174417600761,3.11977508372712,3.10178460914821,3.12546274883128,3.1042749174805,3.10070413989479,3.1067221434749,3.11714168066507,3.11200665053468,3.10821196326574,3.10603513639523,3.10208614265789,3.1054518833,3.12019939876186,3.10610064650949,3.10314538386135,3.11292880258247,3.10736659971234,3.11765837047187,3.10857153579812,3.1081334781504,3.10445845561309,3.1019016517033,3.10901482767558,3.11278156248917,3.10494601509097,3.11050356899502,3.11485961210778,3.12101520692505,3.10392888806626,3.10437262236072,3.1161527120132,3.10716250862696,3.11028331085834,3.10774331650646,3.11468186587021,3.11708094341796,3.11231896213542,3.12503629745469,3.10279276185963,3.10198909477156,3.10764142607749,3.12249320362755,3.10469730975055,3.11404350921568,3.1065074999692,3.10796845963102,3.10897160780003,3.11456468971733,3.11409586087093,3.09351550519297,3.12085667147544,3.11847268099532,3.0950284352581,3.11911258340105,3.10888876858908,3.10183177972536,3.10105951646235,3.11169477060258,3.11500578881267,3.10659711477562,3.10313032345748,3.09639694459073,3.10561598970351,3.1153604199349,3.11441665416929,3.11259190901341,3.12246004208288,3.10204339351642,3.10712956111751,3.10422864262879,3.1031646316168,3.11298571565083,3.11115775025597,3.10952338003881,3.09749369935568,3.12155056069838,3.12393779900669,3.11209405773762,3.09097627042591,3.11273638108153,3.12336930600348,3.10832508976007,3.11132119738664,3.10523240614302,3.11636808375123,3.10581351237415,3.10404737698351,3.10134873547093,3.11249479791476,3.10638275156161,3.11574646255715,3.09255178391747,3.10754581336213,3.10777558058486,3.11915365210239,3.1268568318399,3.11411803794719,3.11153512556968,3.108512905902,3.11671133081305,3.10656641444241,3.10965347726922,3.11784304443766,3.10474485503957,3.12148712111413,3.11450216614159,3.1103612584529,3.11202966823064,3.11975767717751,3.11932574017066,3.11955281339098,3.10366019809686,3.11631676289411,3.11128993148676,3.10776976344642,3.1369117690841,3.11855604396994,3.11002445219621,3.10620551163876,3.10027258356808,3.09187338168525,3.11818866703941,3.09603155619216,3.10984683746786,3.11740719674778,3.11784727841802,3.10493712730427,3.11245511933763,3.11083245847222,3.11422810941569,3.10145677992706,3.11794853770526,3.11236507659289,3.10556550477732,3.110137473358,3.11194634103539,3.11873416874888,3.10313652262287,3.11077033600218,3.1021726795409,3.10762346529095,3.11240212303329,3.10011627518286,3.09845414356504,3.12444909827334,3.10927842202097,3.11706294405234,3.11048837962632,3.10910851291997,3.09476634933782,3.09519148995409,3.11829239121897,3.11432818071509,3.11138449910232,3.10865750994372,3.11610880083435,3.10696352345903,3.11551704599685,3.12227535392108,3.10559757824671,3.10548491970406,3.12393805722472,3.11359907640049,3.11964558377886,3.10706431948772,3.11372616271203,3.11062183678659,3.10923745130266,3.10259438452267,3.10816741381796,3.10406830275618,3.10487627061537,3.10261593148476,3.11169974723742,3.09921626726772,3.11519764315013,3.11162060115254,3.10727474248778,3.11134391103318,3.10887252771192,3.09806103349099,3.1009519445736,3.10124041737434,3.11753804786157,3.11497366833533,3.11754408080761,3.11757427543569,3.11115504315272,3.1417561114597,3.106366072951,3.12079075492382,3.1028609151173,3.1242162256206,3.11016319265241,3.11164621716568,3.11743986363966,3.10556413177772,3.11433589136528,3.10826044313977,3.09894894450377,3.11170221359771,3.11165242519191,3.11098088721513,3.10837759112738,3.10555308089303,3.11103703058144,3.11626065520811,3.11262446403018,3.12604452237874,3.10889912517159,3.11078580157586,3.10515176448364,3.13069502400105,3.11354300252504,3.10098462037886,3.10403300884197,3.10530553657688,3.1043048855687,3.10739792929716,3.10799698010979,3.11550622642323,3.11366773073479,3.11105127832405,3.10623286754458,3.12537411986931,3.10791837258378,3.10511102289213,3.12393975613624,3.12109957302382,3.10622274736267,3.09993871628121,3.09533079409282,3.11227490082364,3.10267589251741,3.11601012839045,3.11354760838626,3.11383128063834,3.10358739765496,3.1073518820186,3.11283924317105,3.11599585122383,3.09944040149944,3.11254143308607,3.10779851074223,3.10610566259512,3.10955532396627,3.11372788134661,3.1134963054666,3.11527941394745,3.11060794727825,3.10497849348338,3.10164438877527,3.11995864261397,3.118953558321,3.09315089332699,3.11632878428703,3.11511782957765,3.10119804170425,3.12129705216995,3.11068694722261,3.12895479500916,3.1142361184215,3.11292180025586,3.10452200942798
3.10663537401688,3.11333214916219,3.08872741257054,3.10997189518832,3.11754408080761,3.10122102970911,3.10618513278451,3.09683182913186,3.10576883659795,3.10156314742217,3.12554289302398,3.11234242695743,3.10366263382325,3.10166380001236,3.12951158912318,3.10648506091499,3.10905332827403,3.11092576454745,3.10094064460231,3.11409733289497,3.1040406366632,3.12179535109319,3.11164420736032,3.11521929495185,3.11204788841316,3.10377768103105,3.10898241205492,3.11864538431281,3.11443313374916,3.10606846950947,3.10688133675301,3.10946597282374,3.11052768178617,3.10421037241692,3.11207926153415,3.10391827650529,3.10363594695002,3.11810362313208,3.09844848322229,3.10771561308005,3.1119335495982,3.10399110636689,3.1144479696073,3.12566029253103,3.1180355342154,3.11297936072995,3.1157244823488,3.10349899939953,3.10742399555688,3.11455620179767,3.09801267412172,3.11864248741859,3.10288124107943,3.11087147098587,3.10856281673739,3.12576194144544,3.09633825815567,3.11436379010619,3.11228606074455,3.11250244562575,3.10092221276688,3.11290603172119,3.1222281359143,3.10407277034925,3.10086899236635,3.09767582027433,3.09912597559715,3.11706559348941,3.10434602142127,3.10174435983035,3.11974907703809,3.11002578387085,3.10428975463361,3.12048564828248,3.10443959031036,3.11403897530477,3.11660678097583,3.10660388142434,3.10612662006646,3.1151434645158,3.10890087777432,3.11407699790732,3.0970197931788,3.09608927183042,3.10159153727748,3.10894952221228,3.12625416789933,3.12467456751187,3.11194961987914,3.09470170586762,3.10980044412591,3.11580810730285,3.11758478051757,3.09968985040935,3.10755365761356,3.10456814431638,3.09961877883987,3.11067524030006,3.11455620179767,3.10271183188008,3.10709506625185,3.11705779144414,3.11574262170384,3.11977368316228,3.12395016494616,3.10932973074179,3.12381982048205,3.11872171952879,3.12188195347789,3.09013404596757,3.10600073048997,3.10597137347003,3.1117861954942,3.10812837505019,3.10626202369115,3.11882779541015,3.11077742477683,3.10091694423938,3.11298023096319,3.09985370840973,3.10739792929716,3.09498821462866,3.11631711398748,3.1052177149466,3.10584801090781,3.10833418644607,3.10478702066807,3.10670754314174,3.11863975446687,3.10398120917943,3.10136100139559,3.10407324299896,3.1070121479194,3.11676387291398,3.11338999234021,3.11933282360785,3.11058813830589,3.10701604166794,3.11584184979851,3.11351616759548,3.10734837406754,3.09499511587223,3.10531922574317,3.10252981082671,3.10494921970934,3.09762915713338,3.1164588158143,3.10901436962659,3.10597137347003,3.10644828903251,3.09910557442454,3.10354035812245,3.12058602109183,3.09951514295807,3.10933791089348,3.10936513082559,3.10115578436614,3.11529304383269,3.12604452237874,3.11791521545311,3.10600337622153,3.11248419860483,3.1142190717526,3.10880276930704,3.10980763886694,3.11277851944267,3.10164079120566,3.10931785950853,3.11806193123668,3.11489606535827,3.10352600870604,3.11256601348296,3.09989548173544,3.09717969160893,3.12594853076847,3.12407852585729,3.11667225984707,3.11042349331808,3.10012944341783,3.12719940213943,3.11305945063767,3.11268008642876,3.11205575278091,3.11157873422626,3.11330003555771,3.10224603444518,3.11725248200779,3.1199565097782,3.12140016802933,3.11901373206514,3.09970358467902,3.11792560179481,3.10448983081191,3.09418691792788,3.10299916717864,3.12121922086902,3.11222472469473,3.11412305551889,3.11271657305732,3.10410059087382,3.10759163871696,3.10483430356852,3.10996284894253,3.10689072771336,3.10459091884845,3.10332950339312,3.11149807617468,3.11465469657944,3.11308154278265,3.11016929745617,3.10971831824276,3.12922856475106,3.11134391103318,3.10328666479192,3.10596645742643,3.1208090348386,3.1105162749331,3.11294800741877,3.10919061983606,3.10443313976797,3.113796394535,3.1060566973011,3.10828267538708,3.11974941924572,3.11476689706332,3.11808961210838,3.10795441093355,3.10953032713555,3.11294456431714,3.10987198942949,3.12265404792752,3.11787005942727,3.10983368006263,3.10770071008247,3.10429933607162,3.10555090046729,3.11848382393303,3.11844785281977,3.10713662043461,3.10277904130402,3.10375026840611,3.10640069902274,3.12177647766396,3.10997704904192,3.11164315083837,3.10675633942925,3.10319936337638,3.11119081170052,3.11333214916219,3.11836169453046,3.11526283218465,3.10895419294383,3.09437465077261,3.1016246198597,3.10862288418376,3.11692052000468,3.1044153313782,3.10585675839729,3.10211708503387,3.0950284352581,3.0947606186079,3.11049342960065,3.10854659184947,3.11007173449957,3.11253268673712,3.10562887607138,3.11295798235548,3.11091913533384,3.12450365862384,3.10781290552789,3.09822164154186,3.11046406079457,3.11278803077059,3.11487353620805,3.11074370080852,3.10300581832635,3.1078619300557,3.11227888687661,3.10679783117813,3.11519007601168,3.10680978908464,3.11632878428703,3.11888279589426,3.1019016517033,3.11305652430818,3.10794733457699,3.11328688261808,3.11478898216366,3.1156436768859,3.11501551278305,3.09990430187358,3.11982129349827,3.11673333749704,3.1066255066431,3.09775623700714,3.10902139568516,3.11811806268843,3.11036645760402,3.131863066142,3.11049342960065,3.11219490892506,3.10998473893039,3.11807700343592,3.11786082424039,3.11632846020407,3.11000347571345,3.11843193696018,3.10857693236139,3.11033567724588,3.10135292301601,3.10158978114078,3.11483222146472,3.13104098094812,3.10599219193387,3.11151770466205,3.12327194055616,3.10270848075489,3.10644828903251,3.11278982135957,3.11164935900652,3.1146168908663,3.1094686826411,3.11521929495185,3.09816032108423,3.11009249061313,3.11725432889915,3.11317683435987,3.13191201982489,3.11054407241885,3.09937644277248,3.1173528590953,3.10958070267479,3.11159848207064,3.12033592221727,3.11243194758931,3.11643600768264,3.10482059231978,3.09874522535881,3.10201299625767,3.11930922658207,3.11393815786899,3.11247345162573,3.10655419353063,3.1267035074343,3.1108266044779,3.10502645420261,3.10659547460796,3.110137473358,3.10626202369115,3.09739995441843,3.11365507575147,3.11559877579905,3.10780758177423,3.11292008286863,3.10675515431647,3.10494921970934,3.1184877713985,3.10591708381127,3.12390366332182,3.10459709039019,3.10372995293443,3.09741167890996,3.1160169605094,3.11144809061363,3.11780026721989,3.11195753118289,3.11527941394745,3.1120482150312,3.11974390397735,3.11134640057115,3.11115459573799,3.10945389521574,3.11060897788744,3.11393815786899,3.09241192133842,3.13238090137079,3.13131504846536,3.11313466498036,3.10474485503957,3.09801267412172,3.10486829849654,3.1168276426134,3.11412270703062,3.10347930563602,3.112640524056,3.11372788134661,3.12079957337254,3.11761273468522,3.11485225602418,3.104346005175,3.11395968821825,3.10511780918366,3.10880420637973,3.10867742757386,3.1063050924461,3.10759077656118,3.10843616502491,3.1168819786056,3.11811242292743,3.11475243309642,3.11454603249451,3.11152582158569,3.11350771822728,3.11420116638859,3.10179114598975,3.10592796904699,3.10135922213131,3.12036592927683,3.10027604707205,3.10155418156647,3.1110785360141,3.10950434404548,3.12355001508048,3.10987198942949,3.11330515056187,3.09883400230279,3.11967090889616,3.11823279265475,3.09528250746595,3.11231064333225
3.10828496842881,3.10868587731175,3.10349786046346,3.10973396856861,3.11250244562575,3.11257976059548,3.11440773152413,3.1072554861271,3.11230462634692,3.1238995913325,3.10898241205492,3.10432108917695,3.10812179931469,3.09046274118402,3.11895460533785,3.12895479500916,3.11952398964769,3.09557424212394,3.11385223179945,3.11037301401358,3.11279962484833,3.10553230412386,3.11201855766513,3.10176087949943,3.12706419758719,3.1232531135058,3.11066783063914,3.12048832677965,3.10352600870604,3.11412270703062,3.09978586878308,3.11199195773372,3.09649647323124,3.12308783168139,3.10363234455784,3.09614057942095,3.11185624238869,3.12267972783176,3.10979736703452,3.10970699951905,3.09819343543415,3.12526241600757,3.1013830286148,3.11622597733618,3.10290425760423,3.11068448686479,3.10789302112492,3.10957643989823,3.11038398470608,3.10770373591606,3.12643098117924,3.10157782319661,3.11156485259174,3.10469908858302,3.10600753853746,3.11389809440779,3.11540795565012,3.10891702893271,3.10489833059428,3.10220857137039,3.10516106920613,3.10165133614343,3.10645784553849,3.104570962205,3.10904178084863,3.107768440334,3.10816931449516,3.09840579165727,3.10383257180383,3.1104047835839,3.11063737364698,3.09964841924827,3.11494341976915,3.11584054722265,3.10549967380761,3.10776663415068,3.11626106461582,3.1224621635102,3.09305738230273,3.10626793338967,3.11085206916617,3.11355472688761,3.12571579336271,3.11012487176312,3.10900886536864,3.10595788938901,3.13203494806601,3.10755415617945,3.11784304443766,3.11431695975204,3.11267796476719,3.1142361184215,3.11184867744169,3.11731723289726,3.12273082109091,3.10998473893039,3.11594383279478,3.11640454615988,3.11137716985557,3.10066926189787,3.10877700714738,3.11554770508818,3.10408271329548,3.11205394756043,3.10771746602191,3.10471401762344,3.11815715868526,3.09584657567621,3.11827124615842,3.11229008297622,3.11146830615923,3.11187010584106,3.12864919661219,3.10520379308543,3.12358037052233,3.11125052229081,3.10450380227306,3.11475584776564,3.1076551580875,3.11936773487187,3.09980081667759,3.10485451492812,3.11759447594978,3.11005184089263,3.11860111013267,3.11281569750045,3.11708534132096,3.11097480943482,3.1044516229157,3.11100933590699,3.10688023182203,3.11167833364742,3.1243753792017,3.10532798921611,3.10356919869452,3.11039981851647,3.10140495590012,3.11057198364668,3.11007408984155,3.10254075018807,3.12023685227612,3.11886338379375,3.11289940664032,3.11297955446397,3.11651742818024,3.10781877312335,3.0996363245067,3.1148883531635,3.11900993498254,3.10822634494033,3.10963480875404,3.11002332714906,3.11103741717729,3.09099922452933,3.09872714484776,3.11002061806923,3.1070137817728,3.11683471369945,3.12767886388613,3.10512986387754,3.10977553058182,3.11323267504532,3.10047182766453,3.10054354350746,3.11053682429877,3.1231470126614,3.11097332284024,3.121943560182,3.10796399575758,3.11617792612907,3.10727365561226,3.10627763567929,3.10259787909287,3.10398597916458,3.10920291581432,3.10741758962367,3.11955551578649,3.11869546660446,3.10468241568246,3.13048591160374,3.10902300007994,3.11328063279151,3.1125861700175,3.10249327516014,3.09438351952501,3.11405598056576,3.10522534436383,3.11155346719209,3.11925830283404,3.11852905614505,3.11568744400679,3.11981097424142,3.10262570494465,3.12310235071769,3.1046810791674,3.10380068988415,3.11479360748183,3.10790144019522,3.11835354663333,3.111988368566,3.11600177951391,3.11217123541632,3.11361155748073,3.11162945270896,3.11060632990899,3.11447806836953,3.11652813920241,3.10949414580933,3.11037021283837,3.1120482150312,3.1077371163838,3.11133292573411,3.09937413426047,3.10595829667759,3.09499511587223,3.11489729346479,3.10964080314965,3.11929514785428,3.09687530760802,3.12099691430223,3.10959149572778,3.11573690716355,3.10418005429086,3.10766629092639,3.11764939647926,3.11032139966791,3.10269586364162,3.11663912457046,3.10586262613515,3.10985617465635,3.1186867316581,3.10918919911417,3.11299915002053,3.10853279731083,3.09667526129441,3.10997171029716,3.10625722733615,3.09772274026355,3.10375462626257,3.10950153454797,3.11326049945432,3.11248391401468,3.10477128316464,3.10491583486541,3.09560770886113,3.11692987159632,3.11686007914322,3.11092837675584,3.10817690047624,3.10969360528851,3.11270430046718,3.10620551163876,3.10448506085024,3.11462113789514,3.1052482077721,3.11436379010619,3.09350540759679,3.11775308013991,3.10764142607749,3.11403951827447,3.11629849604719,3.10475529431843,3.11295798235548,3.1107784776049,3.11947863552644,3.10832765196097,3.09155554431731,3.11196551952227,3.11627643572165,3.11160771747833,3.12482285388095,3.11258019546089,3.11721813900604,3.10397935795465,3.11386344845208,3.11957696722431,3.12685230309413,3.10083007256657,3.12669596593766,3.10236748764558,3.11265188220352,3.11504872914429,3.10550447080061,3.10408803287667,3.11108711092778,3.11245463359448,3.10352396538182,3.11019506547319,3.10580446845173,3.10323493884899,3.09995535422335,3.11540723979722,3.12637004973399,3.10082829591558,3.10833885326727,3.1051191497667,3.11418833111736,3.09168801220445,3.11388159121344,3.11622010164445,3.1175507919851,3.11098438091773,3.110382054976,3.10554518367867,3.1056390519018,3.12297847575938,3.10428097527994,3.11780121316851,3.10528106910767,3.11520597278345,3.10829078491041,3.11823142265097,3.1093461266047,3.12297799293105,3.11356355796351,3.1225752988298,3.1185217471215,3.10452236524543,3.10786608129833,3.09735468817276,3.11070103685991,3.10847967415892,3.1121250396212,3.11788038012348,3.11485176850802,3.11096827117941,3.10899925270823,3.12107996524519,3.11497110697241,3.11696384050886,3.10249507925126,3.10483430356852,3.12868156722989,3.10082229980443,3.10226360286019,3.10268940929108,3.12273082109091,3.11177011156345,3.10850115365266,3.10953693779657,3.11512196157923,3.1011636906787,3.10299182713743,3.1174337983172,3.11321901257915,3.09834731609875,3.11227888687661,3.12637076661863,3.10625896804464,3.10714294193296,3.11230169162002,3.11014511039496,3.11163410040211,3.10303187754676,3.1191303871477,3.11125268201707,3.11049342960065,3.10819929019994,3.10930621300104,3.10671100713462,3.11304185553984,3.11228259631095,3.11589131965844,3.11328091840022,3.11673352025239,3.10003995520141,3.11455623897472,3.1099975949484,3.11131965279231,3.10217053939475,3.11020691581512,3.11333496139929,3.11358108894089,3.10155418156647,3.10508275789941,3.10397318666041,3.1199565097782,3.10234079051617,3.09868564256739,3.11083895994303,3.10424466033066,3.11395496594708,3.11670377208481,3.10969144791753,3.11756003155663,3.11343363001858,3.09879246474617,3.11938886496239,3.11578239453097,3.11271976363953,3.11928275685948,3.1236267243936,3.11469497153593,3.11150248895516,3.11165524342971,3.10308782886294,3.12249320362755,3.10908892209761,3.10208219089785,3.11345356745346,3.1042241781397,3.11397909483238,3.10517472475646,3.10249491394119,3.11323097564738,3.09321715269969,3.1105162749331,3.11794233095994,3.1127951539269,3.09805309939087,3.11045232456091,3.1016059691812,3.10401181903823,3.11113693935616,3.10684616157308,3.11037656155891,3.10077571151586,3.09714115911285,3.13171342002236,3.10764383387282
3.10919609972518,3.11737237796826,3.11704029197773,3.10982419177586,3.10661603012934,3.11274239189788,3.1202051962833,3.10463600276374,3.10300581832635,3.10120037770344,3.1049683555985,3.10280106016564,3.11113386239226,3.11010848616791,3.10027258356808,3.10986087219042,3.11933282360785,3.10516298793657,3.10639583613742,3.12624445516022,3.1157498835439,3.08972760940403,3.11060897788744,3.11035199187903,3.10091781365239,3.11385503768297,3.10829959250294,3.11208298301373,3.11447189258782,3.10030167237562,3.10980892022865,3.12073889367158,3.1161076105426,3.11458701157956,3.11673333749704,3.10622480621531,3.11645357750504,3.11971035392893,3.11947667966822,3.11948680277186,3.11131389411905,3.11393815786899,3.11798245105023,3.13363120194584,3.10274716125848,3.10983405871555,3.09879602873939,3.10095020390092,3.10215838555093,3.10972803057594,3.10424461902488,3.11938886496239,3.09562925615508,3.10712694653801,3.12014268451513,3.10943415281956,3.09696421678185,3.10803596540497,3.12113591268014,3.12393783851491,3.11966612768613,3.11508239018218,3.11591736185233,3.10997189518832,3.10018416117311,3.10182900896503,3.12228993261816,3.12100937420578,3.11009317688988,3.11216587934663,3.12391315035265,3.11365155415801,3.10121245184155,3.09861498890349,3.11441839479194,3.09593228264694,3.10585675839729,3.09947475698033,3.12133399197907,3.10620797325758,3.10751161929299,3.10736689096122,3.11667225984707,3.10177445888153,3.10459581820989,3.11124530638956,3.11749316696779,3.11690087913147,3.1013999873281,3.11555638335677,3.11322842460759,3.12714705003186,3.10779860454176,3.11428347510229,3.10412341366902,3.11461298505563,3.10675113830854,3.10298122716561,3.11662607097947,3.11119081170052,3.11403951827447,3.11748066941594,3.09826928574008,3.10102068501922,3.09137109395381,3.11007173449957,3.1055491536286,3.11644134074295,3.10000460711713,3.10304460997834,3.10612623811816,3.11598026283005,3.11173330323369,3.11012669559359,3.10212131161843,3.12145021540973,3.12258809987947,3.11568889771285,3.09402349464805,3.11032375596977,3.10719366929054,3.11933282360785,3.10448983081191,3.10790144019522,3.11188580149872,3.10523205512298,3.10609216240767,3.11015847720617,3.10270848075489,3.11427446739016,3.10092487873308,3.12024597249279,3.1084599217631,3.11741799488746,3.12342443735547,3.12079075492382,3.11546138222758,3.11199934581291,3.11249477509435,3.11471865520556,3.11120523881727,3.11527000379509,3.11263538918417,3.11267421490287,3.11503948618652,3.10023508173746,3.1126444350266,3.11364964737223,3.10145677992706,3.09596490201636,3.10406704316797,3.10043434512143,3.10923781699731,3.10149440261477,3.11152582158569,3.11014783035533,3.11021092101699,3.11917801130183,3.11192972617951,3.11137934979922,3.11608628451076,3.10647722885059,3.10279132634762,3.12419624244656,3.1096466698384,3.10289202651511,3.11793810567257,3.11320236327271,3.1064880450598,3.10849884889975,3.10978454375763,3.12559535451522,3.10355648964345,3.11675340262567,3.11271551180832,3.11083037241236,3.10651230449153,3.1112397918062,3.11034522191424,3.09821192639225,3.1121299914656,3.11098088721513,3.11124006942901,3.10754475779139,3.11166532404646,3.11568584779804,3.1136906589309,3.10277362838698,3.10135371797883,3.1044022672951,3.10645864482633,3.10506288616304,3.108042455833,3.10609216240767,3.11571369888905,3.11054340202421,3.10870718927596,3.10567419348637,3.11941762400862,3.12105921666612,3.1099345300873,3.10933280410336,3.11043176768359,3.12482285388095,3.11424187761312,3.11459042627082,3.10325286133648,3.10831150980759,3.10582242237352,3.10383257180383,3.12555968948793,3.10992957760863,3.12210883111876,3.10762346529095,3.10747450420663,3.11020967991674,3.10988469084838,3.11364858874303,3.11397006932756,3.10570420948269,3.11067297463578,3.10959495197232,3.12450365862384,3.10779851074223,3.13054543405756,3.11809887354119,3.1157498835439,3.10082706145415,3.09732059601849,3.10559757824671,3.09626265296142,3.11515124955214,3.10521757051542,3.10821011011272,3.11830041333947,3.11292008286863,3.10736532305979,3.12192854629115,3.12594853076847,3.102984193363,3.1016059691812,3.10455708134352,3.10412636829221,3.11494820788239,3.10702662246467,3.11535827618851,3.1045159544597,3.11443087233375,3.0984458405452,3.104570962205,3.11568689814775,3.11490491786146,3.10874799989874,3.1104299101972,3.0964494231679,3.10537324462123,3.10737409875274,3.10659200730977,3.11166481687116,3.09662989552235,3.10919609972518,3.12500052151764,3.1139612296301,3.10840167472281,3.10649933119645,3.10070413989479,3.10227966904129,3.11060632990899,3.11764636725057,3.10234329218688,3.09659582146515,3.09643436912827,3.11001919634354,3.11764157324997,3.11479620963594,3.11051868407089,3.10998892181241,3.09895714080788,3.11670377208481,3.11145166903121,3.10814163402665,3.09605053800499,3.10783394640065,3.11493262982329,3.11001852549292,3.11458266544533,3.11465366194135,3.10945631307203,3.11119081170052,3.1017343663977,3.11642618687879,3.10247858995343,3.12449714202481,3.10911912062282,3.11632878428703,3.09387317646204,3.11864538431281,3.12397724716107,3.10392024555324,3.11487514530351,3.10590628743931,3.11123817912335,3.11112656898678,3.10561598970351,3.09114764435097,3.11336239807226,3.11472806981802,3.12163675212822,3.11055873350613,3.10833906418133,3.10453940547614,3.10080059718669,3.10044933338485,3.09619188973853,3.1092982528573,3.10536849542227,3.11420805320448,3.11643811896936,3.11468186587021,3.11416934025168,3.12015113190382,3.1088574292182,3.11165255133685,3.11225459729709,3.10734071918614,3.10321772859001,3.093593164013,3.10956864229655,3.09811740679388,3.10645784553849,3.11635187565077,3.11631711398748,3.12225779759857,3.10644306267961,3.10974590781128,3.12008673635493,3.119048967646,3.11797666211501,3.10446645479924,3.11337424380293,3.10122009127157,3.12825819651648,3.10338234150837,3.10323833662176,3.10177445888153,3.11570958184495,3.09646638806575,3.12023685227612,3.11869551364387,3.11571910235417,3.1249240053717,3.09695258734612,3.12008673635493,3.11076427350559,3.10851618171637,3.11157701757378,3.12134085143852,3.11014353030682,3.11251359587613,3.10959480615341,3.10885563917972,3.11322812396351,3.10983348830232,3.11037205525302,3.10252522038508,3.10579919001133,3.11006002076251,3.0992908615642,3.11120786111047,3.11755096915983,3.1013830286148,3.11053682429877,3.11157873422626,3.11874295421511,3.11101294513263,3.10828934717831,3.11806380913208,3.09847668638909,3.10520888067604,3.12186321490117,3.10710255857155,3.1013564344814,3.110137473358,3.12282659490278,3.118738027245,3.10132617238095,3.111030332361,3.09810980215467,3.10540774110574,3.10953584023454,3.10406473599303,3.09953707704257,3.10752866609281,3.10185517671097,3.11212315457072,3.11245170770987,3.10663976972741,3.11511014983106,3.11235490559616,3.10438219635427,3.10792071004899,3.11044872678302,3.1040629049981,3.11181097119883,3.113672400693,3.12048564828248,3.11317818017683,3.12041922914322,3.1040406366632,3.10276398478644,3.10051729480913,3.11127579992111,3.09575089173376,3.1124561830813,3.11588772364473,3.11178076272477,3.11004765561537,3.10638198823644,3.11140779826531,3.11134056922322
3.11504872914429,3.10770600321426,3.1145648808954,3.11577322760192,3.12149366079746,3.10660388142434,3.12101520692505,3.12812188607943,3.11305777101877,3.11027911836601,3.10943572584341,3.10625031027288,3.10882306202947,3.10708290581268,3.11965381133273,3.1168819786056,3.11385503768297,3.1065023604751,3.10964080314965,3.10937911233194,3.09977370837888,3.10929502796,3.10802369695737,3.11446083575343,3.10360828884765,3.11269845869972,3.10312875909568,3.10348681933916,3.11189804983164,3.10744723796508,3.11584054722265,3.12706060380332,3.10683502885244,3.102984193363,3.128071499147,3.10171412045653,3.11049342960065,3.10612433343856,3.10844819166538,3.11140441228021,3.12230971767245,3.11562003462621,3.10990345623577,3.10198909477156,3.10326220905537,3.10586579812595,3.09799171931114,3.11711780921206,3.11015429304766,3.10193036197525,3.1026207962609,3.10067988201042,3.10285111548614,3.10681186563394,3.12027153239467,3.10221328207397,3.11599585122383,3.11757427543569,3.10724691743018,3.0983281486482,3.10100560309309,3.11734814431717,3.10559219534031,3.10962466321142,3.11009361287029,3.11262238833015,3.09608927183042,3.10669052145444,3.1121014632314,3.11050233672734,3.10366909673951,3.10229000428284,3.10125525314092,3.10278080055955,3.10874356114313,3.11051051114112,3.1127215975312,3.11134391103318,3.11151275115525,3.11102371185453,3.11774814894928,3.11054429119544,3.12679263228256,3.10519671280924,3.10530490479496,3.12097377079382,3.12487059827664,3.12040750139206,3.11883009805222,3.10043857171492,3.10758628508439,3.10798266557944,3.11492839355085,3.10655826362989,3.10967425575766,3.11663623852976,3.11178491549624,3.10688663885181,3.0953541190831,3.11982129349827,3.11571522068214,3.10783001494418,3.11594590342883,3.12384049868134,3.11459097164331,3.10825642640902,3.10349763334081,3.10491950709529,3.12363873662866,3.11866539188276,3.10164438877527,3.10591486640611,3.10480804403859,3.11654683762452,3.10530955801203,3.12168297930286,3.11510428579825,3.11279962484833,3.11019118962124,3.10537324462123,3.10656313659904,3.11828591327509,3.11775308013991,3.10899038882819,3.11615999166566,3.10815603567617,3.11587558646158,3.1312760235127,3.10754285152643,3.10355763983242,3.09358926944626,3.11080719856588,3.10571560711833,3.10110621143632,3.12093684846574,3.11112172757026,3.10585675839729,3.10880225496802,3.11753614178093,3.11312820323924,3.10349763334081,3.09658850492758,3.11431508630519,3.11153747728196,3.10414460379815,3.11509951753712,3.10884758251817,3.12039802537336,3.11511889971162,3.10987198942949,3.1292915882034,3.11665674845779,3.10159153727748,3.11206267038821,3.11612748257166,3.1159216370356,3.11763403219787,3.10868235385919,3.11920242317685,3.10966221917323,3.11702612599886,3.12563120538352,3.09851434701327,3.10385401443583,3.10612811083969,3.10023429691939,3.10963662770865,3.11079642233097,3.10471987645334,3.10376699309373,3.12310235071769,3.11814035932643,3.10703576308282,3.10336063068264,3.10459636041082,3.1129531367878,3.10524094888945,3.10269184560419,3.11432818071509,3.11255985721825,3.10277781818592,3.11485765069317,3.1099774709112,3.10637424970601,3.10596645742643,3.12591976728557,3.11464882582259,3.10349045086941,3.10829319246987,3.10648554941006,3.10161665285577,3.11171700616332,3.11584582824514,3.11337708550945,3.11392578276224,3.11341483511108,3.11366632440531,3.09498821462866,3.10270848075489,3.10926621334155,3.1168276426134,3.11600414967775,3.10813794155248,3.10815269078,3.11216109775838,3.11799536162385,3.1019285809748,3.10533170522007,3.11757689411512,3.13076573606702,3.11451311182902,3.12023096135773,3.1280624788566,3.11358497392762,3.10739980671112,3.12794262655382,3.11708919846395,3.11146334252813,3.0998115284341,3.1059753872383,3.11626065520811,3.11371915931029,3.11509791273053,3.11085970190158,3.12335474567119,3.1091371465366,3.11451175733729,3.10548274688567,3.09824906410789,3.11163240154601,3.1173754495945,3.10215838555093,3.10082363106222,3.11654856293841,3.11427771718526,3.11181855274601,3.11555638335677,3.10374558155101,3.11302965137564,3.12111220595716,3.1218427038015,3.11162474928897,3.11521172877983,3.11578485033023,3.10667763729952,3.10986771148723,3.10179150484738,3.0985224843282,3.11856317330306,3.1096466698384,3.11095140144125,3.10937911233194,3.12413035306992,3.11851613991371,3.11139330068144,3.11321177570983,3.10246758752542,3.10081319689414,3.10831090538423,3.10964636017581,3.10893368148435,3.11425777073792,3.11365580263196,3.1229105225379,3.11204247485935,3.10752866609281,3.11393642029696,3.11092430127977,3.10982132662175,3.10687944966721,3.10644254264702,3.10638209968689,3.11112946713163,3.12264311851232,3.10816577981205,3.10830831838501,3.11563945827861,3.09989809717792,3.11639508063359,3.1089822819678,3.11636304787912,3.11167575733156,3.11266573487089,3.11475584776564,3.10802867682578,3.10558548428815,3.12216144474725,3.10609356184417,3.10682883190619,3.13779724304074,3.10375462626257,3.11238834641158,3.10312875909568,3.11268130416041,3.10959973680057,3.1236267243936,3.09774221687804,3.09944104828979,3.11411803794719,3.12141960003027,3.11689405905657,3.11492451857101,3.09132731160122,3.11585840274696,3.10763681551853,3.11469040393971,3.11958242393336,3.1266224192444,3.1074406195007,3.1086296749748,3.10140380157737,3.11181470039922,3.11507949248159,3.11110473018018,3.11293146616151,3.10677914554243,3.10398597916458,3.12922856475106,3.11701848580244,3.11467295076578,3.10876397858506,3.10890975189571,3.11991477236174,3.11427042666975,3.10312875909568,3.1230529110179,3.111895375746,3.11788836707845,3.1007976908068,3.10800016440091,3.1192450126016,3.10820910710005,3.10124041737434,3.10761015317727,3.10828496842881,3.12136550204815,3.10355506512789,3.11394385228611,3.12301410268446,3.10784224943195,3.12246004208288,3.10100560309309,3.11405581573969,3.11057038443829,3.09753471813193,3.13728877553615,3.10319208268621,3.10686814555419,3.111684140191,3.11828591327509,3.09863079035963,3.10971401313037,3.10616022886652,3.1163563831607,3.11085970190158,3.12030935776198,3.10802200252093,3.1247731138298,3.10444525108819,3.10961471683487,3.12065648758389,3.09018108732572,3.10371067920038,3.11520683819614,3.10512012262099,3.11285150498246,3.11321489084575,3.115433693604,3.11147614200467,3.11122258477074,3.11980671143175,3.10936680543187,3.11904470125117,3.11483667322833,3.11063927692666,3.11195245826095,3.11227104485274,3.11160951224533,3.12395016494616,3.11681567550053,3.10829695944258,3.11923563340797,3.11248774608977,3.1037101347332,3.11997126690594,3.1044516229157,3.11158530921938,3.12468020629411,3.10829129500505,3.11665121593688,3.1062847669125,3.10050305151063,3.10085196310089,3.11261685581172,3.11446477974036,3.11926220121497,3.10634700461144,3.11335062602613,3.1225505424847,3.11366773073479,3.11721860881571,3.11027486277193,3.09282434740471,3.11794188728981,3.12425623068203,3.11196898155931,3.10109729339025,3.11359655686712,3.11753718159482,3.10829078491041,3.12439429197787,3.10490235711357,3.10986280003864,3.10144634537672,3.11265774589356,3.11165156150596,3.11698418065281,3.11631398982973,3.10786878981157,3.09541005520272
3.10722103085227,3.10176087949943,3.12811919987994,3.11489729346479,3.11406693624702,3.11440773152413,3.11608528502601,3.0987476346621,3.12395526066189,3.11788096647295,3.10436132716121,3.10698495038036,3.10285111548614,3.10595334270844,3.11300563280079,3.0982807743703,3.12220821759107,3.12232711678666,3.11247864569928,3.10125584787982,3.10081319689414,3.10938494547447,3.10643077008452,3.11717075328434,3.11790831932774,3.10744815796463,3.11250656799346,3.11496671118238,3.11409742987326,3.10830749069954,3.10348919841612,3.10956019290659,3.11257527067914,3.11939468214399,3.1042749174805,3.10249507925126,3.11365712420476,3.11149272068898,3.10549031384361,3.10866060198542,3.10716104366356,3.11346974076701,3.10883258873827,3.10430991555583,3.10645624585074,3.1107784776049,3.11738425097716,3.12131831333609,3.11750477772536,3.11753513453745,3.11121797252348,3.12119531498184,3.10456049527868,3.10754749978412,3.10243430142865,3.11430876053398,3.10397925532812,3.11771189245864,3.11165156150596,3.10467183369061,3.1006865569872,3.10183956256407,3.1034043263868,3.09690559991624,3.10349234351746,3.1090662117322,3.12604105520518,3.10313154644678,3.09961245824708,3.12015014746624,3.11441391025708,3.1071109568803,3.10791714489133,3.11122370275586,3.12157090874947,3.11301693393202,3.09814242178652,3.11124972763459,3.10656269031048,3.11140014027002,3.1126991854665,3.10669891164619,3.11129231352808,3.10944002496831,3.1017343663977,3.11167833364742,3.11942595748535,3.10278080055955,3.12268758278561,3.10519654617644,3.1125407762009,3.10844819166538,3.11967922484553,3.10556085129155,3.10601691749274,3.12044441120083,3.11930214032348,3.11220961233399,3.10414210018372,3.10950153454797,3.11273761078796,3.12183022397349,3.10583995551682,3.10366909673951,3.12036592927683,3.10923745130266,3.11368880573259,3.11248391401468,3.11282425228211,3.10942301142737,3.12589408785544,3.11366673907742,3.10421037241692,3.11479620963594,3.11011736455093,3.11411771907264,3.10883549321324,3.11125177104152,3.11910985460305,3.10355648964345,3.10686697941921,3.11643600768264,3.10477362915507,3.11707127478624,3.11262825148501,3.10148948227328,3.10431132570383,3.11425014560797,3.12114494735973,3.11041800455531,3.11306180768862,3.10779378471358,3.11426365473938,3.11942371500204,3.10608745256729,3.11421050803299,3.10794733457699,3.12858178375555,3.10975606042855,3.11829361547101,3.11995013112248,3.10560888194703,3.09832396054176,3.11505077213947,3.10948262303651,3.1090185726845,3.11412305551889,3.10113110236723,3.10445828435035,3.11899947768609,3.10301090211138,3.12186454949668,3.09715971993383,3.10296585137029,3.10920320113837,3.10937911233194,3.10303692871042,3.10279573264348,3.11262859421806,3.10831298139123,3.09895701181383,3.11415235911949,3.11720406139043,3.11594668378313,3.11888592850857,3.11451311182902,3.10797493421138,3.11228259631095,3.1167379289268,3.10930282276438,3.11485063945403,3.10432710987639,3.10345551355208,3.10829319246987,3.10120244569293,3.10592277357214,3.11204314827382,3.10724359619167,3.11204972295331,3.12250017668631,3.11040938014988,3.10643732463024,3.10367203683249,3.10401181903823,3.11085616537912,3.10478702066807,3.11919265270044,3.10926071995788,3.12701748840422,3.10667948402057,3.11511782957765,3.11365507575147,3.10289517037703,3.10420787507186,3.11155975667256,3.10618997334447,3.11195142863276,3.11883447825286,3.09811084492651,3.12009070123426,3.11181470039922,3.10319936337638,3.09739731454033,3.10455112342729,3.10834765714994,3.11787992561324,3.11445207361146,3.0992908615642,3.10322480084905,3.08989565648494,3.10992203966756,3.09988403581135,3.10629509756507,3.10323043900423,3.1146821083792,3.11187210465168,3.11463392319691,3.10319936337638,3.10942776123561,3.12909273167333,3.12185211403462,3.11392897456312,3.11652455643091,3.11336244540499,3.11662607097947,3.1121280980882,3.10248819525381,3.11580477268954,3.0994063739208,3.12071578340396,3.10089252218057,3.10810269751423,3.11791521545311,3.10645864482633,3.10628327805868,3.10614632568999,3.10564534532308,3.10239160181943,3.10220200685737,3.09831187044356,3.11537315123234,3.11054944125814,3.10610566259512,3.10483245751859,3.10663965009759,3.11555638335677,3.10397925532812,3.1312760235127,3.10638615754603,3.11640236556777,3.10600023153272,3.10249177035191,3.10031027861868,3.10746164857618,3.110759970631,3.1189396082199,3.11537962474233,3.10930621300104,3.106102559917,3.11473111133686,3.11376362187203,3.10742329802028,3.11920427703569,3.12565460400477,3.12864704381583,3.10763681551853,3.11053305132315,3.12383272859374,3.10006093874821,3.0916406745321,3.1269178173242,3.10010584810111,3.12541118071415,3.10945389521574,3.11660226567615,3.10792688566288,3.1065731404539,3.1086697546608,3.11873313274247,3.11008645170703,3.11209193994303,3.10228898790797,3.11295798235548,3.10410371720614,3.11265657966565,3.11066783063914,3.11322539107398,3.11307620980177,3.10833642652723,3.10355727060821,3.1191303871477,3.11780026721989,3.11546376302034,3.10366773677174,3.10733533622892,3.11516377307136,3.10509613130366,3.1122416807438,3.09989548173544,3.1111805720802,3.11045232456091,3.11687114086888,3.1167379289268,3.10129065743061,3.11169059636586,3.11532074836941,3.10916997018352,3.12090490430965,3.09805309939087,3.10777696972849,3.11927444242218,3.10851618171637,3.11199934581291,3.1116093317711,3.1091552382759,3.11285563398481,3.11226107098464,3.11427771718526,3.09920570822267,3.09974637242868,3.10907497256234,3.10753606935907,3.10125133476624,3.11954337816237,3.10446619473046,3.11123569427479,3.10939964748005,3.12458393484495,3.10855575672402,3.11037301401358,3.10899836898988,3.11420372704361,3.10806957067445,3.11936394230648,3.11514824166083,3.11092258179914,3.09842275632595,3.10904363707332,3.11551704599685,3.11054110169178,3.10626450052507,3.10981393395209,3.10188373307952,3.11204546255167,3.10173386588222,3.10575503720242,3.11556013753663,3.11312820323924,3.10777213934364,3.12187708241341,3.12366037216805,3.12923967420789,3.10557241778134,3.11561929507825,3.10729025674823,3.09864826781404,3.11196551952227,3.11998689997303,3.11037656155891,3.11917801130183,3.11493262982329,3.09942854787649,3.09997898852733,3.1044022672951,3.11248184666412,3.10930470694092,3.11654683762452,3.10753248344401,3.10670850967237,3.11818332812834,3.1072507674318,3.10376288632684,3.10327685091693,3.12082440202807,3.09745339451705,3.10496479392308,3.10208614265789,3.10774510275186,3.1304400996339,3.10006093874821,3.11696549038525,3.1010244910181,3.11680292871649,3.11153827091071,3.11050552137107,3.09998624061148,3.10786878981157,3.11446739007692,3.1187255850846,3.102106773915,3.11231064333225,3.12281495960162,3.09954185450604,3.09694444657146,3.11662607097947,3.11508779276071,3.11805734613964,3.10776663415068,3.12777707053831,3.11050326806179,3.10733647230109,3.11355472688761,3.11480531433708,3.09942948261251,3.10294538200825,3.10698747403273,3.11713029908025,3.10733533622892,3.10543358647754,3.09995506665496,3.11021678910167,3.10901305833596,3.09958078680743,3.10136140827974,3.11787315810586,3.11337708550945,3.11272301601673,3.10069858822098,3.12883140710322,3.107044462845
3.11221984812493,3.10820910710005,3.11184867744169,3.1055111762918,3.11792560179481,3.11984017556692,3.11547224777873,3.10386515347102,3.09739696423901,3.10786200864033,3.09589332293209,3.09585520057839,3.11020909653724,3.103093343874,3.11436161098021,3.10550564963914,3.11622010164445,3.11262446403018,3.11921002902904,3.10916142045962,3.11573690716355,3.10882486053601,3.12625416789933,3.09916961494224,3.12279526041263,3.10229864119027,3.11276901928854,3.10373651368758,3.10469399858535,3.11060272942221,3.12327545115268,3.10678269110848,3.11509791273053,3.10623213015326,3.11064864469451,3.10908492806748,3.11013828125912,3.11153512556968,3.10771269685114,3.09994317792526,3.12148519928954,3.09252729489838,3.10323043900423,3.10747806721502,3.11243976803174,3.10962013942509,3.11135591491031,3.0967144700226,3.12101520692505,3.11194961987914,3.116059517549,3.11132119738664,3.12152334151576,3.1124427645897,3.12009070123426,3.11760696841253,3.10587682880233,3.11058477162078,3.11075254874878,3.11489606535827,3.11967090889616,3.10960716642174,3.10349182302158,3.10775757322944,3.1126991854665,3.10626190640789,3.09942854787649,3.10882253687769,3.10926071995788,3.09584287242165,3.10385604818589,3.11023928075081,3.10161665285577,3.11581729180212,3.10939964748005,3.12563120538352,3.10747376747326,3.10979529465586,3.11468165631717,3.1042753397367,3.1121708932032,3.11188580149872,3.1092224267835,3.12075197830112,3.10490235711357,3.11195142863276,3.10060959469766,3.11350508295078,3.10636939904227,3.10572095926568,3.10304140221799,3.10624398599968,3.10870513259348,3.10518839644218,3.10034873776933,3.1052482077721,3.12384049868134,3.11108711092778,3.11025192364766,3.10916879925808,3.10330264649873,3.11522672844005,3.11045135931626,3.11383128063834,3.1121280980882,3.10933154933692,3.12268628611948,3.11594161862448,3.10327685091693,3.10485746945039,3.09508635695348,3.13107741288465,3.11066257593705,3.10373517288944,3.10468529527214,3.10187885568311,3.11767571553262,3.11335062602613,3.10713475100656,3.10496778835085,3.11647681256805,3.11064277546234,3.11488368672059,3.1092289368497,3.10478253508288,3.12116680518822,3.10913936801448,3.10995802301509,3.11408895174874,3.11106090826276,3.10538694351708,3.11113386239226,3.11223708264892,3.10996284894253,3.11470311782362,3.11929667307963,3.10139225637063,3.11060825106058,3.11135611420874,3.09974520003942,3.1134009447113,3.1014736847503,3.11185223494453,3.10904168436478,3.10347930563602,3.10433188982688,3.11788096647295,3.12149061083629,3.10895337802711,3.11036905059343,3.10990874894091,3.10234957192433,3.11787992561324,3.11144674545102,3.11461345803682,3.11894555632736,3.10708570395565,3.1173001807394,3.10839876037249,3.10366879369938,3.10436005299558,3.10105951646235,3.10937423209606,3.10963528907515,3.10289517037703,3.12650284013342,3.10497849348338,3.10616534408019,3.1181745973553,3.10815603567617,3.10963074131497,3.09240920644324,3.11423747395106,3.11358976265512,3.1138610495863,3.10294841291102,3.11034982049802,3.11038455777087,3.1172032567478,3.1107659329788,3.10645091264745,3.11631787378933,3.1069609384162,3.11039322273424,3.10363419623932,3.10148548218113,3.10330981190022,3.11543434385646,3.11899947768609,3.10712512177607,3.11613437700016,3.10736072665374,3.09787849288997,3.1178170212281,3.11496794941041,3.10132261980378,3.11011591421855,3.11360353701171,3.11721911485785,3.09961877883987,3.11453410620951,3.11214658138944,3.10177467544979,3.11583705203268,3.11594590342883,3.12370346947312,3.12559535451522,3.10373851573066,3.11189425561616,3.10164816990852,3.10772433914209,3.11044579844168,3.11856372667405,3.0996016532426,3.1090835095375,3.103151850101,3.10984683746786,3.10915271925313,3.10961666578237,3.11021488326792,3.10720111889083,3.10899707549183,3.11126685417114,3.102164646003,3.10719143460962,3.13260654859272,3.11664763470504,3.09772790315451,3.11139280586403,3.10687407180048,3.10484530972901,3.10692217725509,3.11330760321017,3.10956088226994,3.10285857457244,3.11784727841802,3.10365579653304,3.13159405123429,3.11613571613503,3.10122102970911,3.11842406082987,3.10767367679182,3.11455757991628,3.10255659256785,3.10583104152301,3.11842561359384,3.11721746636577,3.10902855889578,3.10047868508502,3.10061820307048,3.10408271329548,3.12193370561666,3.10759077656118,3.13606655577591,3.12210175562676,3.11421380408553,3.10832726942407,3.10294164971989,3.11165255133685,3.10392088350721,3.11485765069317,3.12711322245372,3.10984860887256,3.11789014553197,3.10993556357304,3.12141599541772,3.10337303601392,3.11067297463578,3.10136140827974,3.10649253594326,3.11181541995542,3.11736292386568,3.10880420637973,3.10512456943618,3.10428806106478,3.12372448120368,3.09760442907803,3.11041497421663,3.11867529543328,3.11216136388609,3.12033592221727,3.10913080106028,3.12500105893299,3.11537919890695,3.1083612331928,3.10638198823644,3.11311264246502,3.10347924803937,3.11193405185606,3.10645784553849,3.10246309013014,3.11521929495185,3.11065477650678,3.10376699309373,3.10778668583391,3.1139612296301,3.10708214659816,3.11305479300225,3.10591805873143,3.114774778306,3.09683037968365,3.10826668429814,3.11167833364742,3.11705779144414,3.12911413790882,3.11411771907264,3.12513697731339,3.11662755795127,3.10814427356274,3.1417561114597,3.10832765196097,3.09951514295807,3.10010584810111,3.10395928136625,3.1092289368497,3.12105214025761,3.11428101287927,3.118898894635,3.11092128975911,3.12073740238503,3.11164530377216,3.10409316914935,3.10755596623339,3.11457297212305,3.09644986411097,3.11084851238468,3.10136140827974,3.10245200189068,3.10731925722516,3.11652455643091,3.10522449169905,3.11359764841797,3.10007502362903,3.11637534832748,3.12290901202767,3.11844386861138,3.11172909358435,3.0987131735212,3.10998575072745,3.11815715868526,3.11124972763459,3.09804959503406,3.10092646612577,3.10944357786401,3.10799698010979,3.10349234351746,3.10394661511146,3.09934533477886,3.10491300504266,3.11875072593849,3.11914319316376,3.11209283552047,3.1108562231324,3.10182900896503,3.11050298299786,3.11021485650684,3.11985238474333,3.13300313530513,3.12189494964638,3.12366037216805,3.10947782962913,3.12212986318857,3.11434462519822,3.11276936836487,3.12135789320596,3.10667765170437,3.10785945378209,3.13220438715824,3.11803240425555,3.09464827279887,3.11932843270227,3.1100918383498,3.11210236107698,3.1149481718568,3.1218252244495,3.11290746363359,3.11418831143418,3.11231064333225,3.12645944086704,3.10811353300744,3.10703576308282,3.10092430517509,3.11365213809017,3.1044516229157,3.10624715570347,3.10526948551635,3.11192382755938,3.1027891111874,3.10794392897559,3.10911912062282,3.1130961324253,3.11209193994303,3.0916406745321,3.11507949248159,3.10926180540495,3.10877132529708,3.11031576431922,3.10269213454257,3.11349918200371,3.12591976728557,3.10694371326056,3.11263013214743,3.10963255845451,3.11957696722431,3.11974787031828,3.10648506091499,3.12599706525481,3.11492848642267,3.12136550204815,3.11870060614791,3.11524846704621,3.10881660117923,3.10609667950123,3.10736555250708,3.11011946773161,3.11892716616262,3.10438799857538,3.11789014553197,3.11321489084575,3.12295702485727
3.11696342695746,3.1080881083484,3.11643956535623,3.1195394044091,3.11397006932756,3.10412636829221,3.10165133614343,3.10851618171637,3.10982243215743,3.11337857996103,3.11482703458318,3.10943464335458,3.10805482310016,3.13088969438457,3.11050356899502,3.12218225911992,3.11430989092599,3.11372600397039,3.0967944200873,3.09606361650052,3.1217998526276,3.10901711831856,3.10496422338414,3.10072198947855,3.11354760838626,3.11497366833533,3.10060316888076,3.10240252126428,3.10206439938314,3.10784048820971,3.11761455064874,3.11070083929267,3.11001852549292,3.11303018408805,3.10187885568311,3.10980180501568,3.11497023650021,3.10437262236072,3.1134009447113,3.11112217954818,3.11254195797314,3.10182824309283,3.1218427038015,3.11207689528187,3.10356919869452,3.11849807759823,3.10792482717012,3.1157244823488,3.10294520099441,3.10595829667759,3.12245104781141,3.1065074999692,3.10602458741186,3.10408803287667,3.11310390548938,3.11797960915549,3.11243083476091,3.11415985372929,3.10166586952273,3.10906791616878,3.10635528094098,3.11477905306481,3.11125268201707,3.10816252212091,3.11397909483238,3.10888627119078,3.10347930563602,3.11644134074295,3.10883258873827,3.10812596760574,3.11738425097716,3.11559863724586,3.08972760940403,3.11253062145379,3.09593228264694,3.11478569477209,3.11503363778406,3.12539126553827,3.10138524908288,3.11409621665963,3.10914894039663,3.1096720444898,3.10276851715612,3.11156097275016,3.11643211418799,3.11671943564169,3.09731658729299,3.10625896804464,3.11492756753166,3.11372212519476,3.09644986411097,3.1079850003954,3.11647681256805,3.10355648964345,3.12295440729179,3.11119175902992,3.11321177570983,3.1124105665714,3.09943911096796,3.11269704372845,3.11523432240821,3.09437465077261,3.11753801406373,3.10933632436769,3.11647693544131,3.11123817912335,3.11262453994558,3.11011946773161,3.10705507126019,3.10786878981157,3.12224857387591,3.10346792801728,3.10648701710463,3.1059787706609,3.10072946441045,3.1065074999692,3.11097726577778,3.10792071004899,3.11753718159482,3.11406693624702,3.10223066238329,3.10656710347032,3.11237441619638,3.10947030259287,3.11732648532326,3.11181907146046,3.1249240053717,3.1139863923179,3.1267035074343,3.1107659329788,3.10101372539616,3.11520997995915,3.1108093176958,3.11629102994003,3.11652813920241,3.10509615502785,3.10716770060042,3.11600177951391,3.11229150621074,3.10431164815861,3.11665701696016,3.10290902417694,3.11002798070836,3.11636756287725,3.1083791438712,3.10912490402656,3.11914411261527,3.11072421240307,3.10134957497776,3.10689641611235,3.09507051734103,3.10747806721502,3.11144252633771,3.11255911794569,3.11598331231788,3.11111886281009,3.1267035074343,3.10230282705546,3.10046247425128,3.12077476674859,3.10937918441583,3.10265101573818,3.11280055417435,3.10713682437448,3.10844055205543,3.12729611202412,3.11817892665575,3.10583627214822,3.10381202101248,3.11049554599254,3.11459097164331,3.11046539881083,3.11957953889418,3.10902602691109,3.11114102759447,3.11329990693218,3.10778714601687,3.10383634136714,3.09753577045717,3.1281280980098,3.10771886977173,3.10591597757894,3.10959380762275,3.10836892575732,3.10117623108457,3.10881660117923,3.11076521964341,3.10888627119078,3.10975703046538,3.12832964793539,3.09733979448204,3.10160688377694,3.11207689528187,3.124878878982,3.11317111657264,3.11511247638454,3.11296826219104,3.11231896213542,3.11041115846446,3.10356919869452,3.11737237796826,3.12578535661277,3.13176554576282,3.10997612424366,3.12439617422676,3.1112371745621,3.10657327464426,3.1194364614855,3.10103512466895,3.10982243215743,3.10656710347032,3.10965558253161,3.10019546908478,3.12563120538352,3.10804219874899,3.12616465244983,3.10650046620011,3.1218427038015,3.10458653751856,3.11561469603912,3.11054429119544,3.11308938934954,3.10408271329548,3.10972914916893,3.11461682185723,3.10155332390924,3.12858178375555,3.11631676289411,3.11382176594243,3.11443313374916,3.11429372025602,3.11342850849251,3.11093350174715,3.11427771718526,3.10418545866928,3.10968413661386,3.10706431948772,3.11317356412174,3.13054543405756,3.1120051439992,3.11270950242357,3.10117623108457,3.10358373109533,3.09860683492824,3.11921406485252,3.11485765069317,3.1236267243936,3.10363704294354,3.12019939876186,3.10398247684758,3.11239393877809,3.10591460235739,3.09815914738913,3.10834873541598,3.11133874076176,3.10149438894939,3.10497367559213,3.10147750973446,3.11488368672059,3.12114764427854,3.120316445658,3.11134849531404,3.11576039008939,3.10517351595234,3.10856753679906,3.09741167890996,3.11775715797544,3.11822653640908,3.10610636914052,3.11519764315013,3.1074406195007,3.12661412373624,3.1248421371535,3.11229008297622,3.11740074601286,3.11024941494387,3.12234034638077,3.12413035306992,3.10636534275268,3.10246581174432,3.10669728053296,3.11423728271031,3.12434379433236,3.10933154933692,3.11278330213006,3.10967425575766,3.12263029517322,3.11882779541015,3.11011736455093,3.10906791616878,3.10938551190649,3.10359817405559,3.1105162749331,3.10277362838698,3.11256400348209,3.11493793124817,3.1154631198431,3.10803537450636,3.11665921707744,3.11621474873395,3.10299916717864,3.10626058913954,3.10992047342336,3.10587682880233,3.1117861954942,3.11646384191669,3.10687944966721,3.1101129515185,3.10814163402665,3.12036458751378,3.11459097164331,3.10251026244944,3.1165897287803,3.10667263923922,3.11446477974036,3.10981094574026,3.10595320735432,3.10954760429969,3.11562684573034,3.1417561114597,3.10262670661873,3.11283924317105,3.10294154401898,3.10992047342336,3.11680835185438,3.11677917425188,3.1016131007232,3.11247824596937,3.11318614405988,3.10107426191125,3.10612433343856,3.10260966018901,3.1016059691812,3.11691526253662,3.09745211892544,3.11864856860656,3.11674646539175,3.10483269386253,3.11442384274975,3.11249479791476,3.12227535392108,3.1034276743904,3.11829999590214,3.12054993385228,3.10054065293619,3.13641034265499,3.10488934385905,3.11753801406373,3.10225567687391,3.11335644571041,3.10556614971792,3.1217652990332,3.09643436912827,3.0972804915222,3.10899837288499,3.11083696295828,3.11397770598912,3.10644088411474,3.10335630773672,3.11356355796351,3.10172971718035,3.11536089077375,3.1161076105426,3.10880420637973,3.11451818029377,3.10760708981474,3.10792526160648,3.1022152679598,3.12467456751187,3.11330515056187,3.10655849624185,3.09846268586186,3.107548377014,3.110137473358,3.12753683687966,3.11233453386898,3.11083561850092,3.10601244832802,3.09712964887859,3.10518125096231,3.10735846253308,3.10942745367838,3.12328107273361,3.11405581573969,3.10811751372639,3.0957726019891,3.11363226678417,3.11524336288137,3.10407324299896,3.10677217008759,3.11266817155446,3.11228328741483,3.10113801474501,3.10205487596191,3.12718881833253,3.11122370275586,3.10450833648381,3.10899299773611,3.10947030259287,3.1040629049981,3.09746831835531,3.10904363707332,3.11997126690594,3.12422639392287,3.11903721132401,3.11420333079391,3.10341547288255,3.11756003155663,3.12144169268572,3.10069858822098,3.11330760321017,3.10881660117923,3.09855276184002,3.11034522191424,3.11146391485425,3.10519654617644,3.11139280586403,3.11148570898066,3.10814427356274,3.11422325076779
3.10027399997094,3.11260095648063,3.11428347510229,3.11944360807707,3.11562155156382,3.10840813093716,3.10450052021591,3.10926180540495,3.1127973321421,3.09596867452141,3.11106863894935,3.09673817301188,3.11958612895672,3.12290901202767,3.11539944890932,3.13270469731717,3.11428347510229,3.11409621665963,3.11311264246502,3.10591216880622,3.10997655163043,3.1127648278263,3.11257580490086,3.09798243146113,3.1254193988168,3.11317474366418,3.10172822129903,3.10645624585074,3.11388692835546,3.11767087893742,3.11317114295964,3.10146152136854,3.10438799857538,3.11786436115492,3.12460013768173,3.11403951827447,3.10158682415267,3.09127895889897,3.10645601136313,3.10561771936589,3.10322365564196,3.11236294115293,3.1108093176958,3.11042431849647,3.10406830275618,3.11632878428703,3.11342334392988,3.12055205617258,3.09808725435533,3.09860831661606,3.10747450420663,3.09874314092445,3.10734367621115,3.12627860767381,3.10996811435872,3.10200604015587,3.1058096187091,3.1164881322779,3.11380146787467,3.12324886117651,3.12265404792752,3.11297955446397,3.1122298028388,3.12224857387591,3.12053490394988,3.08919114899224,3.0982807743703,3.11033985258296,3.10344468376229,3.10754754178891,3.11881275713686,3.11518159739806,3.1119335495982,3.11405598056576,3.1144298043468,3.10145215032016,3.10954864446469,3.10953953459677,3.11129120087008,3.10961666578237,3.09979498260661,3.11532837313131,3.11405447034395,3.09969967827252,3.10831758816529,3.11512279236918,3.10627097001399,3.1111300632801,3.10225567687391,3.11580553565684,3.09669311788525,3.11679388568717,3.10787688609009,3.11580676613992,3.1067683674322,3.10542455382598,3.1092224267835,3.10372273770845,3.12733320942921,3.10752223249756,3.11964558377886,3.11195753118289,3.10179471801245,3.10178460914821,3.11092128975911,3.11025168435343,3.10232090187966,3.11310513862471,3.11310785006211,3.09781530457936,3.11255325350602,3.1047853822525,3.11185208395442,3.10767843903007,3.09979498260661,3.10623213015326,3.10999937519339,3.09874522535881,3.11271285475877,3.11586151004083,3.11427408364474,3.10429933607162,3.10476845119236,3.11388399780356,3.11654840122954,3.0987454229761,3.10371067920038,3.11644134074295,3.11667593613457,3.1130961324253,3.11269316926858,3.10148676047023,3.09508749739071,3.10850709596383,3.10413944685535,3.10262218814778,3.11816568443325,3.1283617399088,3.11310539386878,3.08812474973807,3.12193370561666,3.10933114252107,3.1074455233762,3.12284779881946,3.11744206618927,3.11277877480202,3.10437678429155,3.10930621300104,3.10600220887529,3.11551704599685,3.11827272547681,3.1104860056796,3.09801185984971,3.10698495038036,3.1016246198597,3.11172909358435,3.11818356177363,3.11561695735255,3.11400494949291,3.11036905059343,3.10272929969717,3.1268529642382,3.10949798062446,3.12421321199564,3.10234957192433,3.10297831369226,3.11689353122596,3.1058096187091,3.10933784035266,3.11580263465181,3.11165255133685,3.10692709230538,3.115433693604,3.10945389521574,3.107795767291,3.0964494231679,3.09596490201636,3.11895460533785,3.10064102758883,3.11594668378313,3.1110936049336,3.1165651945054,3.11134416393527,3.1086162512447,3.11062183678659,3.105031264005,3.11005184089263,3.10892080030983,3.11116123127836,3.10226360286019,3.09596490201636,3.11118546879516,3.11027670885853,3.1209681671906,3.10033169668516,3.10452241926987,3.11858763675634,3.11979984283438,3.1092185833995,3.10359459342009,3.10474994035398,3.12246501893415,3.09547030680057,3.11080719856588,3.11797890684592,3.11412077825379,3.11494820788239,3.11764116066341,3.11148626555428,3.11271976363953,3.11530674660247,3.11488368672059,3.08919114899224,3.11226107098464,3.09943293392984,3.11602722565041,3.09768972685794,3.10553230412386,3.11090337927905,3.10217620823298,3.10710485763012,3.1214151399669,3.1057213776517,3.11786082424039,3.1058688392445,3.1010244910181,3.09959033366406,3.11595454504942,3.11520150913857,3.11493364806239,3.10739865954361,3.11869551364387,3.09944040149944,3.11758478051757,3.10900155629399,3.08919114899224,3.11375579814869,3.10785238570951,3.12323593318314,3.11098438091773,3.11455708180278,3.09754551014456,3.11157941114898,3.11411185418134,3.11056437280899,3.10781446855676,3.10899449500323,3.10741696116999,3.1063995081708,3.11780121316851,3.10526682206819,3.11036905059343,3.09872215933174,3.11375381050197,3.1213898367392,3.11461682185723,3.10456049527868,3.12891954530502,3.11503400641414,3.11494945022267,3.11006002076251,3.1179457155865,3.10342545761547,3.09430831535312,3.10299224376776,3.11692783205418,3.10135292301601,3.10308782886294,3.09771494405043,3.10399110636689,3.11995013112248,3.11998833379048,3.10253410709994,3.10272169917103,3.10796094684478,3.11228852302621,3.11595454504942,3.11867008178663,3.11786973312438,3.10901629062352,3.10186594580818,3.11256400348209,3.11899869253268,3.1041255502774,3.10422864262879,3.11199447464413,3.10659547460796,3.10179129692336,3.11092636237344,3.11180874563621,3.12171121739185,3.11471629209382,3.10675368425823,3.1095253183533,3.10904831704822,3.10200604015587,3.10933280410336,3.11903736184619,3.09731612972012,3.11367810417121,3.10585675839729,3.12073947263895,3.11721677746474,3.10477247774723,3.10518404445384,3.11671429746834,3.10946021925663,3.10710408422672,3.1196064875332,3.10803537450636,3.11752387322846,3.11215923953575,3.1048460339846,3.1112488660895,3.10569343515241,3.10801974224826,3.11133841125654,3.11365580263196,3.11335062602613,3.11002035713714,3.11513812349753,3.11666196155107,3.12047086326843,3.1218427038015,3.11391813011208,3.10570033490619,3.13777929905453,3.11126947654577,3.09959033366406,3.10592399822204,3.10960483355769,3.11376719513223,3.10176432407104,3.10687795143736,3.10650469696382,3.12961140705484,3.12322653511694,3.1057164377854,3.09821402778456,3.1205816496817,3.11637534832748,3.10082363106222,3.10777682130087,3.11133563118458,3.1121812807597,3.10708214659816,3.09660246381277,3.11153030658154,3.10953032713555,3.09787849288997,3.10336509540792,3.11982063665318,3.11326714296098,3.12290901202767,3.11304764978099,3.10820692338364,3.10657530599207,3.11187559767113,3.10218940086933,3.10234957192433,3.10680798919421,3.10247169267914,3.10829745305595,3.10387452278605,3.11421585721791,3.11512149422834,3.11501407489963,3.10944357786401,3.13490009629494,3.11333214916219,3.1090835095375,3.10877132529708,3.11059303227116,3.11254195797314,3.11681567550053,3.10849357918454,3.10863199624245,3.10205487596191,3.1126444350266,3.11019118962124,3.10488934385905,3.10979938416055,3.11892039188209,3.1229736219661,3.10296389519509,3.10955345886764,3.10691977526373,3.10933517906939,3.11131071689817,3.10518663492642,3.12685230309413,3.11451104926452,3.10366111595095,3.1168949522756,3.09568025645608,3.11232599963135,3.10748152814771,3.10654875156524,3.11543962023095,3.1181466571434,3.12036458751378,3.09585520057839,3.10752223249756,3.09526929635872,3.10240624154153,3.11426365473938,3.12449714202481,3.10966218333875,3.10811323684304,3.11097265833784,3.11109982104531,3.10778220605548,3.11598466566285,3.11057143816269,3.11622352578635,3.10344125769714,3.11205575278091,3.10802321548548,3.10518688126641,3.10502462891586
3.11458266544533,3.10650046620011,3.11133841125654,3.11511610880221,3.11255618199208,3.11892039188209,3.10351763539262,3.1196534346631,3.1077264321278,3.11164555593311,3.1170942631887,3.11327632019732,3.10832005513589,3.10450052021591,3.0939721963009,3.10089252218057,3.11271657305732,3.11982129349827,3.10758378587908,3.10939985994169,3.12200432385435,3.10711096558806,3.10942301142737,3.10958070267479,3.11513845880231,3.10741467082046,3.10452236524543,3.10512024115696,3.11940340765255,3.10441436980458,3.12513697731339,3.0990898919946,3.10374558155101,3.10420787507186,3.09754551014456,3.11354300252504,3.10499355627276,3.10136140827974,3.10673758024323,3.11271285475877,3.10349045086941,3.1134978844016,3.11423747395106,3.10414210018372,3.12630082171279,3.10652915585894,3.10069189031716,3.11191519126127,3.10454196075287,3.1127027831828,3.1088426290311,3.11487984128681,3.11837843426543,3.10009023289634,3.11765268869622,3.11123513882602,3.12114494735973,3.10188217311494,3.10949414580933,3.10114195205475,3.12072830410338,3.11561152090131,3.131863066142,3.11148766995316,3.12099208740715,3.10681931087118,3.10430729166891,3.11373241931981,3.11278803077059,3.11380301216366,3.12029258768708,3.10401857594984,3.1104089944854,3.11016408223791,3.10606168890781,3.11342277771268,3.12269454668691,3.09772848590446,3.10914657428526,3.11997126690594,3.11479046759939,3.10864048113153,3.13238090137079,3.10836060722011,3.11654299120835,3.12293768593937,3.10924003050414,3.12417720500254,3.09934533477886,3.11438534561493,3.11501673741281,3.10530553657688,3.12257546113644,3.1178635447104,3.10266856183137,3.10853985174247,3.11090762253092,3.12299185406106,3.11426067225568,3.11045339144127,3.10576883659795,3.10638275156161,3.09772790315451,3.11212543135377,3.10996767458146,3.12363873662866,3.12669596593766,3.12601481595907,3.12360950912994,3.11863793643739,3.10596523775496,3.11496145219402,3.11810033173593,3.11873143355067,3.11405733179814,3.09351550519297,3.11150118033308,3.10863344582814,3.12401974322161,3.12487772667803,3.10054961110678,3.10797493421138,3.11414323977329,3.11340776687013,3.10331833196535,3.10929289799111,3.12246004208288,3.11562322266311,3.10867620342551,3.10870238069066,3.10311032102733,3.12004043322486,3.12474322116706,3.12266676935322,3.11249617106377,3.12470799099075,3.12019642392302,3.1017418703852,3.10243430142865,3.1140249905957,3.11054429119544,3.11490055318268,3.1280624788566,3.09715614551909,3.10092423718159,3.09967963931008,3.10742329802028,3.11115459573799,3.11164621716568,3.10791920776023,3.11516512458483,3.12150089146588,3.111605058385,3.10096532762895,3.11838516201488,3.11132119738664,3.13159405123429,3.11127872662986,3.11083696295828,3.11112217954818,3.11125177104152,3.10691479040588,3.10656313659904,3.11903736184619,3.10729016234296,3.08926118366828,3.1137917336556,3.10158563845064,3.11410052434737,3.1269178173242,3.11029119495763,3.11165156150596,3.11444566324918,3.11663623852976,3.10769370580971,3.11829450893459,3.12004043322486,3.11097726577778,3.10709276767298,3.12132163620083,3.10688289580205,3.10809440178756,3.119048967646,3.11832794664515,3.12480572379383,3.09549801920817,3.10171412045653,3.10360623272717,3.12088132789885,3.12025338829932,3.10926648899028,3.11381150120595,3.1025195098254,3.1124561830813,3.11546527103421,3.10920634012209,3.11045498846832,3.10182824309283,3.10649143368355,3.10696788314416,3.10007253175034,3.10180654348427,3.11654840122954,3.11069022438966,3.10743852644455,3.12091441936313,3.09767582027433,3.11642734664303,3.11002578387085,3.11148570898066,3.10901436962659,3.1057213776517,3.12397724716107,3.11101294513263,3.10929619328015,3.1134978844016,3.10868355120809,3.11610880083435,3.11620341621816,3.1011357624363,3.11745213739686,3.1146168908663,3.11519764315013,3.10475985380056,3.11097726577778,3.1288941167457,3.1016142825349,3.1064716627226,3.10883606437469,3.10682992171744,3.10973396856861,3.11594604125889,3.10670850967237,3.11233157918483,3.10345588213514,3.10941472601084,3.10463467300989,3.11519318960688,3.10218019518607,3.11283654137939,3.10369970860789,3.11042534415973,3.13779724304074,3.11000960734626,3.11084391731684,3.11323772602609,3.11594400274926,3.11005184089263,3.12464507377833,3.10791714489133,3.10368118429295,3.10745840372585,3.12036592927683,3.11537683578356,3.10677855921986,3.12140016802933,3.10781455833949,3.1178266880746,3.1302583584371,3.09879246474617,3.10909971701835,3.10890039351444,3.1054793028638,3.11228852302621,3.11886430122907,3.1081334781504,3.10868084139126,3.10143531798079,3.11002035713714,3.11571359057348,3.11110473018018,3.08743173703325,3.12140902726844,3.0953541190831,3.12175644485391,3.10788910595058,3.09923272527021,3.12743258814797,3.09969846294663,3.11492318083955,3.12378867049291,3.11111707579945,3.1240674911726,3.11775715797544,3.11434190606413,3.1156436768859,3.11133874076176,3.12023685227612,3.11381891214744,3.10170570218616,3.11827091137546,3.10418545866928,3.10624715570347,3.11382286241059,3.11118835305035,3.11167818927639,3.08858806606899,3.12090806865909,3.10077891533943,3.10475985380056,3.09851372499508,3.11629173745052,3.11194695462268,3.11731972873735,3.10201965737421,3.12462405061285,3.10181844164561,3.10890087777432,3.12293071495187,3.11431521224891,3.09575089173376,3.11440151118958,3.12031556489619,3.12248118731788,3.10844055205543,3.10538568934446,3.10479729271165,3.1052177149466,3.1064641393579,3.10684906850322,3.1055491536286,3.11683471369945,3.10965025107362,3.11204314827382,3.10473638599068,3.10133405755454,3.1046308228521,3.10522431978393,3.11512196157923,3.09937293107481,3.1005595310999,3.10475529431843,3.10272929969717,3.10495919570767,3.10471941083351,3.1041007209487,3.12088132789885,3.09619188973853,3.11851141027302,3.11359764841797,3.11500470279358,3.11873416874888,3.11431885105012,3.11661116202324,3.10556083393657,3.08783063271728,3.11713029908025,3.10784042211547,3.1093011060553,3.10245200189068,3.10723506448593,3.10639871869975,3.11456065426751,3.10433537185915,3.09718658229562,3.10154900700751,3.11356220465344,3.1033156542617,3.10218019518607,3.1232583303746,3.11903222371553,3.10786878981157,3.10638473032781,3.09975282294383,3.11885749852238,3.11433911700474,3.10702662246467,3.11475176151934,3.1025857624177,3.10236748764558,3.10369970860789,3.10678224347698,3.11828567848702,3.12662039662531,3.11035233401341,3.11020691581512,3.10728933115213,3.11298619395158,3.11007408984155,3.10900155629399,3.11293146616151,3.1244656601682,3.11131073788467,3.11169072181059,3.11051645019073,3.10301703244978,3.12091441936313,3.10648554941006,3.11115893493356,3.10799698010979,3.10953788969375,3.10101339198214,3.10971831824276,3.10940080773483,3.11507012105955,3.11311396081065,3.10366909673951,3.10686697941921,3.11490416904567,3.11365937704851,3.10978551734439,3.11140779826531,3.11399087082387,3.11801699507428,3.11731956037123,3.10204339351642,3.11279005467326,3.12048020670998,3.10792482717012,3.10246907408739,3.09483697592413,3.1075240643206,3.11144596890105,3.11936773487187,3.10626450052507,3.1118232000842,3.09803274095759,3.10512909419725,3.12873251885986,3.10932547566693
3.11964225107075,3.11229412570626,3.11095833139017,3.10658192985087,3.10588573504879,3.1125407762009,3.12607591816614,3.10524597238249,3.11037658984969,3.09546642609709,3.11544350250366,3.12047086326843,3.11080134969898,3.11814035932643,3.11157651816699,3.10615281921152,3.119048967646,3.10496281068674,3.10328522553018,3.11372788134661,3.10129065743061,3.10154731441277,3.1097934336047,3.1130209167646,3.10681145557523,3.11389795811443,3.11061929680582,3.10835297991968,3.10345099809985,3.11600463180554,3.11043240860119,3.09917729711586,3.10701178251882,3.10697350047584,3.11372616271203,3.12444909827334,3.11345916557423,3.11786540637675,3.10009570489553,3.11299149682661,3.11315650824252,3.10779258228615,3.10407840686465,3.10428391378916,3.10880271563468,3.11914992912682,3.1206471733239,3.10817778293485,3.11046539881083,3.09690637637906,3.10336680854821,3.11314891517738,3.11275978786094,3.10562483132969,3.10375462626257,3.1230529110179,3.0977304474839,3.10657363612402,3.10623861949427,3.10744723796508,3.12791262596456,3.11372444108862,3.10085196310089,3.10731996477886,3.11639508063359,3.09944040149944,3.09884048049533,3.11169582921056,3.11781109732719,3.11411236323214,3.12520540185548,3.10766629092639,3.12032851318907,3.11001919634354,3.11447269633419,3.12559535451522,3.12526241600757,3.11250390598859,3.10375026840611,3.10208299944699,3.09847668638909,3.1094471038584,3.11805734613964,3.12539619461314,3.10905332827403,3.10781455833949,3.10174271383695,3.11335575227759,3.11146641762303,3.11827091137546,3.10069484448389,3.10648506091499,3.10720886279881,3.12135618562186,3.11584448626598,3.10701512234085,3.11155289886929,3.1090532014958,3.09586604641289,3.12285378256818,3.11965381133273,3.11366971222061,3.10929502796,3.11899130213064,3.10967926955252,3.10045467527444,3.11025192364766,3.12129582332136,3.10425833212433,3.10077891533943,3.12539619461314,3.11998833379048,3.11056437280899,3.10605311748024,3.12650284013342,3.11876534304965,3.10673528862956,3.10532902342546,3.1012394964444,3.10694765025891,3.09700677914625,3.09472278310617,3.11782333845605,3.10815603567617,3.12014268451513,3.11350742935478,3.0998115284341,3.11814672541063,3.12310235071769,3.1070121479194,3.10743435774387,3.11208298301373,3.11465335655896,3.11452488522771,3.09941586636978,3.10213741279643,3.10884416940598,3.1122233995693,3.09223545526368,3.11048338419457,3.11376689677264,3.10796094684478,3.10870238069066,3.10638275156161,3.1097585398736,3.11527692677639,3.10686814555419,3.09660246381277,3.11380301216366,3.10707286817249,3.12579793630564,3.12097278151945,3.10837759112738,3.10956019290659,3.1026207962609,3.09755654310913,3.09287502816084,3.10481653159256,3.10075290567174,3.1182271165581,3.10894458632248,3.09750225878306,3.10098345160581,3.11675340262567,3.1120482150312,3.11049554599254,3.10988520716121,3.11131760085108,3.1127264996142,3.1111482829504,3.11103092698422,3.1033140117215,3.11760696841253,3.11473111133686,3.11169059636586,3.11846846257418,3.10325564259065,3.10105951646235,3.11349918200371,3.12908140225128,3.10336760338268,3.10919632461647,3.11494945022267,3.10391113376463,3.11277561245547,3.10515240769009,3.11687754502753,3.10234351722213,3.12408766329066,3.11488190109561,3.10450380227306,3.09350540759679,3.09564766803299,3.11533773173179,3.10643924201353,3.11877896429634,3.11985892471929,3.10580446845173,3.12240689747157,3.1302715020254,3.11190795931221,3.12472498825699,3.119360594353,3.11425014560797,3.09703415062632,3.1008500670016,3.11092258179914,3.10663537401688,3.11135611420874,3.10708290581268,3.10537324462123,3.11081590575961,3.11848951935266,3.11335594137354,3.11689553322761,3.11456468971733,3.10925045565865,3.12012487815254,3.10752223249756,3.10333047021891,3.10779851074223,3.10406830275618,3.10757937413865,3.11562875208708,3.12085667147544,3.10889915169447,3.12593526536802,3.12346560059057,3.11257760822748,3.11047740466456,3.09235449826089,3.11584184979851,3.10326211914422,3.10661826125913,3.10672096454464,3.11837104546739,3.1141527585178,3.11894876192449,3.10357779733051,3.11671943564169,3.12555968948793,3.11112946713163,3.10003995520141,3.11411803794719,3.09757682581441,3.10889912517159,3.12219004524773,3.10838314181485,3.1150412889087,3.10862288418376,3.10306955153788,3.10352304030321,3.10712088684674,3.10228898790797,3.10377768103105,3.10708582115007,3.10929588378813,3.12641597849698,3.10504004194733,3.10439006242021,3.10541882375833,3.12720036601324,3.11799328991026,3.1088431122965,3.11481670220589,3.09879602873939,3.11340275623536,3.12129843499852,3.12025338829932,3.11663469368156,3.10763681551853,3.12494709714567,3.11274239189788,3.10540269699557,3.10962790043398,3.11379259362993,3.10275962137989,3.11471865520556,3.10391113376463,3.12006691561921,3.10181874730602,3.12040750139206,3.10412341366902,3.11652813920241,3.10174435983035,3.10751272379062,3.12463623928257,3.12579347921758,3.11577767274533,3.11917102353791,3.09839377096714,3.10622789068123,3.10591708381127,3.11196551952227,3.10970249058015,3.10945631307203,3.09533079409282,3.12487772667803,3.10599598687562,3.10431545908228,3.10372995293443,3.11296358113514,3.11699697819194,3.12257546113644,3.1041255502774,3.11037563641469,3.10815269078,3.1191764282756,3.11781542363891,3.1183073185762,3.10599060037024,3.10566845898949,3.10161969945606,3.11217515343557,3.10463575504695,3.10449851393585,3.11117262319847,3.10708214659816,3.10451201731958,3.10132261980378,3.10637909556931,3.10554564791504,3.11577772246764,3.10778088681104,3.1128711096992,3.11856904914553,3.11327632019732,3.10803683403187,3.10619011094766,3.12558408375869,3.09905481409205,3.10452241926987,3.10502836238113,3.10430031520569,3.1259133239482,3.10303692871042,3.10025704371413,3.11430989092599,3.11285591218067,3.10170375574161,3.09829970892847,3.11381891214744,3.10703362673372,3.10650814240191,3.10862678048666,3.10649933119645,3.10129724284238,3.12180049325139,3.103093343874,3.111030332361,3.10659427603362,3.10669218477219,3.10708063856848,3.09114764435097,3.11089916932925,3.10198321970861,3.11015851794595,3.11990623822611,3.09515293956716,3.09954185450604,3.11232444461372,3.1161527120132,3.10688289580205,3.09827677710801,3.10496281068674,3.1136687332979,3.11584184979851,3.10816931449516,3.10843616502491,3.10794475670097,3.1212221389833,3.12134225623776,3.1205816496817,3.10321772859001,3.10709506625185,3.10474279843973,3.10152129150323,3.10969732016944,3.11761273468522,3.11134084091185,3.12134262735757,3.11144252633771,3.11169154838487,3.11336239807226,3.10591486640611,3.09998053897692,3.08743173703325,3.10325595338704,3.11479629964194,3.09824847641415,3.10047842502571,3.10211585335801,3.10498020824663,3.11363226678417,3.11158979855525,3.11632009671498,3.11940460648516,3.11273638108153,3.11403623960826,3.10789719935773,3.09845290657432,3.10918919911417,3.11891986466107,3.11551704599685,3.10144303191329,3.1219156035651,3.11622039243779,3.11773305947842,3.10986280003864,3.11978341244457,3.12679263228256,3.11940460648516,3.12825819651648,3.1065113842628,3.12165196875476,3.10856792511302,3.1053595427852,3.12148519928954,3.10383257180383,3.10537970038863
