"V1","V2","V3","V4","V5"
1.31188520826795,0.54560377272838,-2.00987212998767,-0.00194002080943401,0.430964636405783
1.23607750872506,0.467199933913627,-1.44203779229684,-0.00106219902876511,0.396632689623352
1.46374073804456,0.393557200722253,-1.19106103002748,-0.00167814996310054,0.445924169320819
1.42082063850373,0.459307655196529,-3.31142581155887,-0.00162440856533016,0.421175643834997
1.31188520826795,0.54560377272838,-2.00987212998767,-0.00194002080943401,0.430964636405783
1.2184283421283,0.563061189845197,-2.01538527168355,-0.00168232006387922,0.441663525958538
1.31284386550356,0.537752089766007,-2.5458941488419,-0.00168014601488793,0.429570224801846
1.05412437490467,0.623230976563695,-1.64894478348625,-0.00170062154961562,0.386120864227704
1.2313770545182,0.486207041211061,-2.37963151956913,-0.001111905875544,0.423333663259698
1.37940018567683,0.533766989123597,-1.14735026747622,-0.00219329695942192,0.430529356385123
1.14440661734141,0.610981864748172,-3.93416729058018,-0.00141575411049851,0.462101489994984
1.65046782861622,0.401349305152438,-2.33783567421359,-0.00233411934136451,0.449193010456451
1.48477589908923,0.465638577328916,-2.57352263404171,-0.00211309538806266,0.39322835387129
1.42547711684044,0.434502739127123,-1.3607254477928,-0.00176859568182917,0.428234713289726
1.59919987048459,0.467468850170194,-4.55116910144306,-0.00214658165879811,0.367916317495575
1.27954946089794,0.500598753169641,1.12599061456894,-0.0019949154756147,0.461755584753823
1.79771184979011,0.377516574620405,-2.577605817277,-0.00271518798830992,0.441063773383507
1.62293437912195,0.444016752553066,-2.36031292332828,-0.00241555058193276,0.420354002833402
1.37846011229352,0.47148841348877,-3.64117317070936,-0.0014105423337787,0.426706852370227
1.49065094219441,0.423437499161268,-2.47159599054501,-0.00162057453730196,0.419513719296176
1.17045929937099,0.543296492796216,-1.66437439963749,-0.00142051178801918,0.451504768199686
1.32317184932896,0.497141642315062,-1.32420318947116,-0.00202986273834846,0.461848902510409
1.33914161887209,0.515703133306575,-3.68201592911365,-0.00161733920653603,0.434448911552102
1.3402926548811,0.517124672253919,-2.93834502159327,-0.00159602405023735,0.413644632537495
1.39281632250581,0.49571100034093,-2.85886027571914,-0.00200326026971744,0.410882487268802
1.41988077320007,0.487484313633352,-2.30692028059274,-0.00181852453422204,0.421883915697306
1.34371099721157,0.526076017695374,-2.09309266220099,-0.00180230676728728,0.44283436890743
1.14725763308391,0.571133477021825,-2.94672210832408,-0.00139756383958781,0.414916639194686
1.33914161887209,0.515703133306575,-3.68201592911365,-0.00161733920653603,0.434448911552102
1.28272376292943,0.57198546511072,-1.93617931026983,-0.00202566991229413,0.395524719396385
1.39266315871789,0.445878699277324,-3.22790509707795,-0.00140912345945695,0.427930596904939
1.39545253428811,0.460327661360129,-4.30588262796536,-0.00114997037306932,0.390164034524206
1.26731027150972,0.506417066961374,-4.0110808124918,-0.00113583043593896,0.39892548522936
1.52099038445004,0.469990502584288,-2.32826466260879,-0.00259334351984318,0.408138815899569
1.29277648539551,0.47117114279904,-2.02728178476558,-0.00177075817429541,0.486194003398576
1.38088529075874,0.484174271385673,-3.46973799297936,-0.00186534056865869,0.475803764301049
1.36723038382343,0.51710660133784,-2.33929468712831,-0.00170727294185521,0.377815305272012
1.20526614226822,0.488784478573852,-2.11481227459942,-0.00116764941731465,0.407198531044644
1.33382516405924,0.511336786495864,-4.43300651221973,-0.00119164957285089,0.44500171846071
0.846206921250122,0.697734979293195,-2.88759172646521,-0.001164762658733,0.442211812342921
1.24315858604067,0.53603746025812,-4.03747688562122,-0.00124231543735435,0.409619924568092
1.49465946954346,0.434064236695992,-3.3732139128178,-0.00160659202424304,0.419234521734289
1.05411080725607,0.543254997080313,-1.13054160120039,-0.000865036554636762,0.383283191453138
1.37069869255464,0.447676847250334,-2.65775130505997,-0.00137676841314573,0.431913381170462
1.18175108859341,0.573138558619121,-2.52855901072123,-0.00166042059314253,0.481071848488936
1.40474271700019,0.469124724430593,-3.14832553386612,-0.00159808596942553,0.465350029470444
1.43170680884251,0.513427851939002,-1.59445005182809,-0.00276104210017574,0.399647897347187
1.233746609562,0.548507734182581,-2.13217004840149,-0.00148378035944184,0.410531063906384
1.32011860241749,0.486450649604751,-3.52075677136764,-0.00129248814955345,0.388442932359101
1.08558652588447,0.539484386498602,-1.53390504548095,-0.0011723463785143,0.444167474876615
1.41865723728256,0.409628379347349,-1.38192391491053,-0.00185050088027342,0.377366358445724
1.68071719236334,0.40096714561936,-3.2302586102343,-0.00254743935059377,0.472459592960431
1.45071532559713,0.460128975697411,-1.31422657335589,-0.00206093731786175,0.389715972757148
1.23548859840521,0.50764069366541,-2.5120480728293,-0.00121987318623306,0.418009057312314
1.23269940565294,0.521142987396845,-2.14415078277024,-0.00148713859051379,0.371789940585549
1.40120464801271,0.496835163068508,-3.40289852452709,-0.00164467799460628,0.393354036038079
1.43578909536173,0.483795583635471,-2.51696274035177,-0.00178674771711002,0.404955240192011
1.1895385120871,0.570111031420842,-2.21297989880023,-0.00168259865681711,0.389230797064347
1.22075193820631,0.524441277601745,-1.06133108313405,-0.00154075263922424,0.446469009578651
1.22284404146033,0.503567455914038,-3.47738367067381,-0.00093627883614483,0.399550717148026
1.47638825681709,0.488528578102856,-3.19988079638629,-0.00209362405147412,0.45141159397648
1.3742271737257,0.452303715104231,-3.41132624378473,-0.00149553274218785,0.46444922366435
1.52434953456951,0.386779102891338,-2.40148287451754,-0.00193795541049082,0.412924496685927
1.30995944096534,0.401562752577312,-3.25274857584585,-0.00083928794807683,0.477067176226403
1.33092725336925,0.491332575623733,-1.41060718802949,-0.00185421037981041,0.39220611313886
1.31396164392789,0.478316968729765,-2.9296159578656,-0.00128765363720323,0.428056856278015
1.55515843441436,0.384926099605342,-2.09839210523324,-0.00202993801348584,0.437636925281996
1.47497593604974,0.394485260595521,-2.23846412943415,-0.00184526020669286,0.442968702878165
1.43076213106128,0.407964898075366,-4.38818854051548,-0.00119042760450387,0.403095005216752
1.23736104940018,0.480135329738919,-2.82119058078872,-0.00138411114416616,0.43326327172212
1.16487773601095,0.50315164972645,-1.21406026395837,-0.000875893450838986,0.444079890416854
1.20526614226822,0.488784478573852,-2.11481227459942,-0.00116764941731465,0.407198531044644
1.276472317809,0.505969675822887,-1.834160938854,-0.00181639083969245,0.387061300685072
1.48212712864159,0.490692429796308,-2.93785302587362,-0.00191177288846611,0.451204379713016
1.177332548652,0.538677600241928,-1.22596569875404,-0.00156206728250824,0.421185576552198
1.31083688113093,0.598000294865797,-2.67891292848475,-0.00222313015745796,0.439869208156883
1.27896608667527,0.465317798092129,-1.95557175549554,-0.00137359338058319,0.441752623765101
1.28581902843483,0.473914984682171,-2.55189061568836,-0.00134628377713422,0.398962935666434
1.40042730819776,0.425395988598808,-2.7956573972677,-0.00131291704038093,0.441116572525799
1.55008411319125,0.432046094412031,-3.77974881198816,-0.00174328344094989,0.440249783762138
1.55896320979056,0.457920462704709,-2.61164364714821,-0.00244144875371323,0.41136929106927
1.31564540203248,0.488701607590319,-3.75407712428655,-0.00139113862023482,0.416436211389448
1.58617780793865,0.474325411360548,-2.75143871997769,-0.0024667275377132,0.396589771104706
1.08843667384665,0.627022361218358,-1.09956769932467,-0.00188140626401128,0.412884430435969
1.34781549259648,0.43950551215302,-2.52633248522961,-0.00128376348285843,0.440883117740615
1.35503542887,0.432887820802963,-1.67300841218252,-0.00143293292117697,0.41706385129102
1.29774686997005,0.446264996561992,-1.41089332177252,-0.0017639229932103,0.43462876944681
1.07815505478761,0.531990374021109,0.331098039653356,-0.00109972458553182,0.456009891086868
1.21972494294893,0.503152445160203,-2.74474865031215,-0.00144969267227267,0.425684395213611
1.37614281178525,0.514370081598226,-3.89301739908487,-0.00187692561253379,0.447021344226591
1.2792450213737,0.589751983028216,-4.31975482472644,-0.00160007412074555,0.477775010429941
1.20986305330692,0.525189346016217,-1.81603112798428,-0.0016802843802556,0.432882930890786
1.3566378063052,0.503893086128783,-2.13307008370941,-0.00193416605544046,0.395168906048128
1.46539378148732,0.4695192769777,-2.28405861419335,-0.00186175972938689,0.47356247540314
1.29349651671507,0.479206487093603,-2.14987745300618,-0.00158313277967095,0.413183389265715
1.50669327067076,0.425076587602975,-2.03080919463203,-0.00199381412548964,0.419427476869219
1.36232885647437,0.478392854243624,-2.17903939431146,-0.00177518205214868,0.420702856108631
1.05817539956949,0.603585925766774,-1.32053781253886,-0.00141493485527718,0.422928950961508
1.44801802172422,0.419392834821864,-0.842233936420011,-0.00181480374315685,0.386003928846401
1.56044553868909,0.444239935535932,-1.87109586988443,-0.00214748021446686,0.45324278345258
1.42873267848724,0.467107068270219,-2.67015003559169,-0.00184897001658758,0.41800447015603
1.2616441655936,0.467443107761052,-1.65990160938667,-0.00120728194359489,0.41587325195531
1.19147557921502,0.552814411234277,-1.75645196662619,-0.00207051142294668,0.443088028152955
1.02868713056215,0.569539393121156,-0.670905915967699,-0.00117478036688304,0.426687068192306
1.5137426753468,0.432914680211021,-3.72855078959481,-0.00174515714455218,0.399541809427906
1.21855096738157,0.552955328177601,-2.00590806439144,-0.00168846764037749,0.381354754510238
1.46492344877111,0.452532036043733,-3.24824017394231,-0.00166233762839708,0.405763920232716
1.34635968774452,0.488748753405204,-0.468028598260087,-0.00181763112061084,0.416406426337414
1.20928256855871,0.618136766698609,-4.08925557793577,-0.00195059807811817,0.43331598998761
1.45040429821157,0.382528336493236,-2.39372739511041,-0.00152131906761314,0.461629585257264
1.34341679083473,0.454455936955362,-1.24659372557931,-0.00150474484003006,0.427838428072359
0.993088954901432,0.558317288976088,-1.05955702280578,-0.000888278007159687,0.383321839395986
1.05933302677194,0.585795262828492,-3.12792510149592,-0.00106431624948057,0.448774287708339
1.04084413658777,0.568983787153577,-1.97300582948456,-0.00103432465663249,0.40641400934615
1.45599278839118,0.469654186142177,-0.586735417110592,-0.00233580447258854,0.42333901153139
1.18911412958917,0.530096562105527,-1.17221016825824,-0.00173206079372111,0.429015955675807
1.44469874200379,0.514162042073702,-2.48903067200352,-0.00223229703021484,0.393411102994293
1.14138529411769,0.584772018842702,-3.03469068811426,-0.00136398294189673,0.370042405398873
1.52670263694293,0.467261246053522,-3.34523591682216,-0.00198178249154814,0.417299070725127
1.54098005165632,0.472859552138283,-3.89570375813391,-0.00204165016067731,0.452189316540436
1.48838167327865,0.46944014316215,-1.20022936301319,-0.00235696771013633,0.468716447599922
1.31862740509748,0.507208296022491,-1.23179816974103,-0.00165315201014412,0.435853294389464
1.36794922595053,0.528218934527184,-3.59560647124149,-0.00170559534626038,0.452567828624551
1.12122035985786,0.532648631667616,-0.792526699606164,-0.0013327412548894,0.492807663261068
1.16956884396838,0.571078532316709,-2.15535112938371,-0.00146894119039064,0.448650661699024
1.30416262035533,0.498811446964927,-2.4284115867459,-0.00175744216747971,0.42565949103216
1.79510559615082,0.325018904922726,-4.56923640818801,-0.00182797065940599,0.432633163052517
1.39767330156335,0.45023573261754,-2.60449961050138,-0.00132873011912399,0.401770891125307
1.53026594412562,0.425120237558997,-1.60211771290528,-0.00216852316123807,0.441764731620088
1.45205195879083,0.454905510859065,-3.16895852573447,-0.00178431389392502,0.397115746966863
1.30766471317984,0.531125418946112,-3.60603448430764,-0.00186854266070804,0.384625414861758
1.86581335397093,0.296574393903849,-4.16724861429508,-0.002109104229822,0.400468398898096
0.98972182064825,0.565854903946375,-0.37437108973322,-0.00122370906293524,0.386865576136929
1.09847057267436,0.630281917232285,-2.69656538917191,-0.00149731726430918,0.425434739705393
1.3742271737257,0.452303715104231,-3.41132624378473,-0.00149553274218785,0.46444922366435
1.1829471326533,0.535124711007632,-3.10446192434046,-0.00120254084659987,0.401486305649269
1.52550672972371,0.445277409500553,-0.672410911760251,-0.0023312370501294,0.435204834895645
1.28132547357798,0.562076863740094,-2.34814709490397,-0.00193860475064559,0.471436526768018
1.37291231354144,0.503590473659675,-2.63412672139495,-0.00186632112702805,0.346882885450233
1.33199165564963,0.448912064858266,-3.44051234287365,-0.00107504851775761,0.441050836079369
1.06492622968176,0.595254355504226,-3.77558603477546,-0.00118742864820408,0.406658060075785
1.27443590982394,0.531464973118881,-0.881295611683207,-0.00204946402362099,0.432746406659418
1.087131415812,0.552924400233214,-1.95141450732158,-0.00132439707369294,0.436498756911897
1.0226796808005,0.62387982423012,-1.0570233851704,-0.00124698459406365,0.450524338573235
1.79853182711311,0.366327151941025,-4.78050553745069,-0.00240505221700319,0.397640856571513
1.09211035500803,0.578723794531056,-2.00317234510866,-0.00138310027783434,0.418136876339313
1.19540434043073,0.526513411533672,-3.35154278254553,-0.00103990350210188,0.4317901416252
1.27896608667527,0.465317798092129,-1.95557175549554,-0.00137359338058319,0.441752623765101
1.19024739753302,0.546506288148217,-2.95404979383255,-0.0012744152383794,0.412469960047131
1.25551801181666,0.579020357182486,-1.49319455862893,-0.00218551257274718,0.432687861885362
1.2483372418879,0.546646526133988,-2.90502180372992,-0.00178894460412547,0.435404602127353
1.42164051164769,0.517503015853867,-1.90052553735501,-0.00228945762690649,0.45661706320923
1.02830985123273,0.596375899161366,-0.396849528018504,-0.00148532150856591,0.404854834148987
1.360602958782,0.554648145947868,-4.7317929353938,-0.00196362050927793,0.444275942285705
1.37205230962141,0.481904304411697,-3.26943284843204,-0.0015212407692694,0.433012174224258
1.52244629137359,0.463851390386001,-3.24123889354891,-0.00206393136432985,0.416222001004304
1.24035431388949,0.553005290092543,-2.03747672391456,-0.00190149865760559,0.41836377545396
1.0955155089718,0.619486374632505,-4.2445184809143,-0.0010983947851133,0.382188563357619
1.46367809113863,0.429822010064545,-2.2763215500465,-0.00182719174646154,0.419004488772465
1.60679347393121,0.400642120343884,-2.61831494692737,-0.00211011040887475,0.471707241003965
1.1125793784516,0.639972823302603,-1.65123312635905,-0.00199409762364758,0.424325496572862
1.54316493715486,0.490444001748065,-1.19870139044008,-0.00305746194822354,0.488265533719233
1.13828637031003,0.584104969765458,-2.48461521579759,-0.00132266879288383,0.43351832009768
1.52414417757816,0.417489163632468,-3.84898314334154,-0.00157911136126072,0.437650822723254
1.22882503709143,0.489070612328208,-2.70164214279533,-0.0010688775343621,0.409214826870419
1.17837143354067,0.534989890456365,-2.43503768765421,-0.00126907791978237,0.424936574050724
1.70681623607397,0.317272191241948,-1.54566376956482,-0.00228021671445756,0.437542663282984
1.43352224435437,0.454155917467878,-2.70784748968268,-0.00181014297292335,0.44664924808654
1.47181177217251,0.562258290585995,-2.81795296389213,-0.00260753739749126,0.433748035373131
1.09488399568191,0.520939996734973,-1.96656536608496,-0.000622186152918042,0.452995995297639
1.21558668972372,0.530686263540322,-2.05277954576801,-0.00160702902623801,0.380549890592489
1.4303782029024,0.455586170539658,-0.575290165833569,-0.00216175135700921,0.387528619382559
1.10752180654601,0.612648562623611,-1.6058285813509,-0.00145268001048343,0.443052776270254
1.39063396159576,0.548265988653489,-2.56342641604517,-0.00213777726411922,0.434230551446598
1.27233822438537,0.548552839859304,-1.9673080917476,-0.0019812311571389,0.433028987333537
1.30851648224076,0.454056577795257,-1.77353317612566,-0.00139395203496832,0.394496659203471
1.17238676524156,0.538656164777996,-1.88027610059466,-0.00146772099520659,0.474019090891147
1.34177291469266,0.490091956887237,-2.56726438752295,-0.00145140047147035,0.402144448282913
1.25697873736508,0.467025985412902,0.380669128089509,-0.00144253412804313,0.419155433818096
1.52467037096539,0.454260792234528,-3.32998163374421,-0.0017589255880354,0.404410111261778
1.4176668820129,0.491746447662597,-3.54330810754665,-0.00166596263512276,0.460082668597241
1.49505732430437,0.50986287307373,-4.20001489589862,-0.00198548838492012,0.399889739959671
1.49522980882363,0.409247643784189,-1.99170108023594,-0.00187997295156176,0.398589214767983
1.65129585036027,0.414890383166429,-2.94453226913024,-0.00226371994346633,0.406277515654658
1.39526422579154,0.497124553057259,-2.38946760592276,-0.00211125000394419,0.412267052943896
1.33481569439618,0.525972785863807,-1.89204236157382,-0.00176133545098264,0.387632198746748
1.66453250167876,0.425576188086822,-3.19476369293208,-0.00238779032131112,0.421499403001796
1.52580427842885,0.404359136121721,-3.27455028781169,-0.00185549320053348,0.415546680639272
1.35749942875919,0.468295935568201,-2.63957622235153,-0.00158291519072299,0.423873332725916
1.02034326977311,0.52727056371843,-2.37798553739222,-0.000753161052763495,0.443725769191231
1.1615547219894,0.508588962368456,-0.902972200637949,-0.00135896511532288,0.382400904253626
1.49778936618555,0.436202846952496,-4.29882911770066,-0.00174087732294504,0.398699953618347
1.24213705711621,0.537327143228396,-0.754515743190364,-0.00201648038768843,0.382251994604064
1.15230088911506,0.551545637323114,-2.91223516261511,-0.00121495478019354,0.422412418403628
1.44188907834061,0.500074631548526,-2.79592011231608,-0.00193832607091215,0.394947987633539
1.16369162354836,0.584206938792676,0.188944684498018,-0.00206394654778763,0.49676043114455
1.32345030985694,0.522705615689813,-2.3528393521208,-0.0016213167419176,0.426740205409603
1.32737345195008,0.52053496903481,-3.55287120026378,-0.00175837221620373,0.41959500093415
1.35059552623338,0.500294435463829,-4.08741338197199,-0.00129732526734429,0.429420968707754
1.40925873071302,0.505697267048799,-2.94709248953261,-0.00204797210257658,0.413437305230425
1.4688145047329,0.409188652245937,-4.1633765315547,-0.0013176267136304,0.468476484067544
1.36408199449366,0.520046032554401,-0.396756320653248,-0.00219274028334668,0.416400686573933
1.265371249299,0.484443808756564,-2.15524059374555,-0.00114452912900964,0.416536726401384
1.20487038388953,0.526787002664253,-0.583125387237221,-0.00181205682126893,0.426356263554974
1.07760943312995,0.602641440762296,-2.5839212463851,-0.00131281497353716,0.414933624255208
1.29419279329271,0.476295269561032,-1.90264784951271,-0.00152381246636889,0.459383394676813
1.25024242324586,0.525606715601054,-1.03336131874289,-0.00188389102920947,0.447313044173819
1.01335889043256,0.615344714320832,-1.21427306201153,-0.00152197246046416,0.397671568892813
1.38716543560607,0.521630073333586,-2.53956952051857,-0.0019971581587432,0.390131352571458
1.0822483082601,0.609981838460928,-3.71088745840972,-0.00100299374585445,0.451649739885158
1.16273609870681,0.560878950485339,-3.0073079455592,-0.00121713942739731,0.397303893824871
1.29762605084223,0.506026236346616,-2.8669471615224,-0.00157251796342243,0.388839374272746
1.15411170016209,0.582341128685251,-1.82284486071926,-0.00157568741802939,0.419059553565276
1.16158347031188,0.552199806099683,-1.33963714697515,-0.00143067210982262,0.452355229572976
1.35210767855264,0.54019397812367,-2.2424069568754,-0.00184940393379628,0.401487659161876
1.40471988685067,0.476674674792224,-2.64587116254126,-0.00175722442109621,0.420162882990074
0.889770279944394,0.719438545494206,-0.479979336256138,-0.00165726420649293,0.421033481857037
1.54593240082564,0.444492265439344,-3.70620520235748,-0.00181051148757698,0.40930806623889
1.8527169091626,0.3445183811622,-5.44631869307703,-0.00229528122548013,0.453542206601213
1.35494410810385,0.434749319191438,-3.42787461020287,-0.00143718331964485,0.459166217928305
1.16521302006255,0.582424251269548,-2.34751455097515,-0.00200649919078756,0.472457268901166
1.33510261426069,0.499171343757521,-1.79755975886814,-0.00172712499186499,0.478121477059973
1.32945720364752,0.484764956634114,-2.12350881156568,-0.00156221635233391,0.410214890571388
1.44394624883218,0.495551387435504,-0.735996307771101,-0.00232293501371396,0.461303040995317
1.49174858873958,0.438395925246785,-2.72406572543256,-0.0020412739822352,0.434594505334293
1.05011047581931,0.584196314228962,-2.9540471045845,-0.000918214864942939,0.408326360310084
1.39741522161814,0.488109214644088,-3.71097032965335,-0.00132077685922114,0.442867813717875
1.53201722530761,0.517428113865585,-1.93996250492482,-0.00263997567415812,0.435593273189826
1.35166615944,0.51514484070893,-3.71819021716236,-0.00155883116955828,0.405249059996014
1.32290826707487,0.494363540632991,-3.20782320255216,-0.00137724451991683,0.458405579531831
1.24510637235413,0.584678961719514,-1.732522597308,-0.00201289956114652,0.447613381267716
1.54327661585181,0.399240893846771,-2.88211922696019,-0.00173965873653492,0.411114363919458
1.5142561623537,0.396102507420851,-3.93193061327303,-0.00117706602047206,0.407209572340467
1.1748126831987,0.518215220840125,-2.21531855948857,-0.00143880260687532,0.403353949063992
1.90150657849524,0.312329692945667,-3.64265108060614,-0.00253829017220942,0.426928818495135
1.07633320026444,0.55545706527306,-1.60216631959832,-0.00101439119605063,0.415547690259871
1.11834889280244,0.559889548024854,-2.2371002712128,-0.00140032770048538,0.426187580384005
0.921115496237629,0.657744795784385,-0.466031238351062,-0.00144537513741336,0.422250116295452
1.52580427842885,0.404359136121721,-3.27455028781169,-0.00185549320053348,0.415546680639272
1.25966076478095,0.557433988782326,-1.93411432126251,-0.00211977054122552,0.422689403024208
1.57585196858564,0.373265866853769,-2.3771515414217,-0.00183018631582151,0.402177691989231
1.03625982608172,0.59727921122757,-1.82875983432622,-0.0013107432209067,0.401690050334099
1.30902465833119,0.543139699512275,-2.85806293234607,-0.00177272172206893,0.464883262707694
1.68197057207221,0.440147761612373,-6.26830731629131,-0.00210944058996156,0.453594976544887
1.34878535804121,0.499387761112798,0.395004785940793,-0.00224923521886785,0.436455508763922
1.86180445096571,0.350985012992276,-3.70424495076055,-0.0027546952771721,0.440968521842873
1.46542494366772,0.464857157685129,-2.23650405750682,-0.00185524731570148,0.411198182188944
1.18348382942905,0.494251307507653,-1.77151704016,-0.00110603331004037,0.442757040473596
1.17947454319116,0.553026877343891,-2.42118452713959,-0.00156935385489352,0.396245988025552
1.32126332326695,0.42858428746068,-2.09883005928798,-0.00117190821644131,0.442346462044476
1.2328578797613,0.469667558015378,-4.12653405383992,-0.000855019175111986,0.400336766765792
1.5170788694878,0.523246412453295,-4.04955768830117,-0.00231791223996619,0.396868351921745
1.41810052450452,0.477611751997418,-3.58330202347891,-0.00179722216135836,0.423374554224548
1.44754708023985,0.463504801631955,-2.92033284772061,-0.00182042370685747,0.372335694402042
1.22635880040755,0.583411913552572,-1.31988771178994,-0.00216306452731451,0.407059278323307
1.34711182318333,0.4737882981836,-4.57074483139984,-0.00133378967848072,0.412208625942261
1.83139430479889,0.353088555715215,-3.59690883995153,-0.0027288545329167,0.431615491898268
1.26133258720702,0.570582380284138,-2.60848807232598,-0.00182619117854445,0.397703917854015
1.66009399108077,0.478240337806681,-3.26012468507772,-0.00284295045291315,0.428971194005362
1.38794983298803,0.465584560877015,-3.48045470726867,-0.00149265501343137,0.452893336542092
1.22194989073838,0.478725064136708,-2.91214357254698,-0.00129809024994765,0.391007298455396
1.51286457198371,0.360987352070225,-3.46229454149023,-0.00101291541027654,0.416533109620444
1.46846772026771,0.409860558458899,-2.13760311233994,-0.00163049208846835,0.421202647923215
1.28031407176954,0.447099249569232,-3.02950761559052,-0.000955910197404986,0.432386642633845
1.16285178017405,0.518344718967656,-3.65291832642927,-0.000639626296099395,0.440200915842744
1.23274493250245,0.519092911043637,-2.47693069637153,-0.00176660314669641,0.419341372985753
1.77556924413496,0.333401361222768,-3.26138504608934,-0.00209692067975995,0.411368363496125
1.18354710841461,0.574511645634012,-3.43686178801248,-0.00116648472099448,0.43846101214981
1.15288822681796,0.506873840598379,-1.4868726706416,-0.00113764224645869,0.42768819027436
1.57894492448148,0.377405452160806,-1.62896680056164,-0.00218151824850414,0.432455825070972
1.52206129682929,0.469673915478899,-2.0056068242865,-0.00247546850672793,0.421828783350856
1.49962351490008,0.467788337491195,-3.19790767247409,-0.00223962133223119,0.404723733353951
1.49278761826187,0.44098455622805,-1.93119642945608,-0.00201844032697829,0.462621458165839
1.27718142524384,0.581946083799608,-2.58738519287377,-0.00204843384515458,0.426743135803616
1.45326514880496,0.420912297922461,-1.89995022581695,-0.00164774800501305,0.40520600559772
1.31191581037394,0.467786158335743,-3.11957135221642,-0.00100003599534284,0.411307770579788
1.23965843201951,0.480565189897091,-1.45314642363731,-0.00141874878142999,0.385892123870231
1.22145821719481,0.578762743510144,-1.71187422126888,-0.00196518093339502,0.434317719306525
1.51708382809046,0.441481877433025,-2.01844152306902,-0.00225982190307786,0.455403401087104
1.36689956424074,0.491408952777825,-2.77738348050532,-0.00178822959723669,0.455481936352575
1.45148117199764,0.440811845537893,-3.32932098308437,-0.00158018172783342,0.418855573541176
1.52434953456951,0.386779102891338,-2.40148287451754,-0.00193795541049082,0.412924496685927
0.9826431028525,0.652817318204274,-2.28103627936682,-0.00100089904010223,0.440438906806431
1.63303510527164,0.417786351434306,-4.46958478737894,-0.00185450550303117,0.424998524617492
1.50369524429481,0.392809339406527,-2.92791962983201,-0.00174515657361871,0.444144493344764
1.30269470362049,0.524419317482224,-1.74080968478377,-0.0017174383559993,0.517775102940709
1.40998289237694,0.459193560329972,-1.51945994101865,-0.0018774537058648,0.411250817638952
1.21257306913977,0.536347360477214,-2.11723962395988,-0.00134791832419492,0.42444629575806
1.56576647112769,0.403208970591082,-3.24605538450052,-0.0016793440073076,0.42293756989675
1.14262490742443,0.586585186891671,-1.85053388437625,-0.001404226134237,0.379619053646563
0.980748442336127,0.658906605301867,-3.09027682869437,-0.00135095419321061,0.405767346295499
1.47930227831755,0.442759364347229,-3.97560352462551,-0.00177344626051133,0.408858770306545
1.50986090688882,0.43420470237906,-4.26979513819298,-0.00168956155977826,0.44629050537407
1.515024476767,0.454598742647144,-2.24075043686176,-0.00214366858415277,0.469647595644414
1.20145502420631,0.578616086847014,-1.849211789831,-0.00208268229281381,0.466160746398161
1.35968711468989,0.528093510071427,-1.65524599557119,-0.00229895690840172,0.457516561268422
1.04832710837859,0.599699865962434,-1.62758216742008,-0.00140402760889932,0.389893733279626
1.47847921058826,0.408015709480694,-0.0937492741458148,-0.00189064409727583,0.444508781019751
1.72901274146981,0.417579016358541,-4.15905618042092,-0.0023756818216892,0.42845828313334
1.34925244687476,0.488954446664028,-2.42536434206759,-0.00158129442569833,0.412911623655974
1.33092725336925,0.491332575623733,-1.41060718802949,-0.00185421037981041,0.39220611313886
1.40967401276911,0.473958493485373,-3.57753913995257,-0.00185635314104109,0.412146712409568
1.39316118451588,0.519767328251006,-4.36042104644828,-0.00162689774397006,0.431848744594479
1.34781549259648,0.43950551215302,-2.52633248522961,-0.00128376348285843,0.440883117740615
1.42545536798475,0.404911039033876,-2.23433369870827,-0.00126839643030805,0.445174980872092
1.43874502054924,0.437971020936755,-1.94114335637485,-0.0015089219457716,0.481802010944607
1.11945121275625,0.553352863823516,-3.57543661289155,-0.00104358749034413,0.385757590992724
1.10902293721133,0.567906880570935,-1.70709743981496,-0.00123009766851802,0.399499391138352
1.41205501926033,0.472130573205212,-3.07269527496833,-0.00150480688270734,0.479464764356452
1.17229499348654,0.570770698613081,-3.47931333194163,-0.00134748687262513,0.393599795618577
1.32946278119715,0.4748697559932,-3.1825309425853,-0.00123968336168291,0.436327007313636
1.16429613145918,0.588994588916463,-5.80417111578736,-0.000915148735623295,0.484944491003646
1.63618770843927,0.471121439110141,-2.38340038054146,-0.00250365120791331,0.401536884689645
1.54055335304643,0.436176542432923,-1.69047438955265,-0.00231774213349121,0.425480538392719
1.48280099208758,0.516050500223223,-3.96563857377565,-0.00216762067766719,0.378921246639044
1.5151811965371,0.403022996676662,-2.07057244810608,-0.00202311334617669,0.463752121884314
1.12398297320914,0.657500893632896,-1.26121526436035,-0.00232050378802135,0.439197935979153
1.34342165647108,0.453715525519746,-1.42696235648547,-0.00168221457008111,0.45653104616147
1.10420775366942,0.590658721801396,-1.59785185264013,-0.00143231650459561,0.417364782344579
1.37599428608775,0.51504421403484,-2.22297971408184,-0.00212465166785385,0.464572318637097
1.334421923265,0.49197097204759,-3.05620226115888,-0.00162925545070584,0.417560391945626
1.48248649754501,0.506668014565966,-5.68070274235129,-0.00153887227181922,0.439914263178835
1.12668682656475,0.576059881700685,-0.941352470848277,-0.00157897478753925,0.409598271460751
1.26188872926692,0.479558956675305,-2.66579965221957,-0.00123309833918017,0.468485015788311
1.22283694210116,0.587389231473943,-4.31782725895922,-0.00155676591069861,0.458098055898291
0.877617996255107,0.698699189825241,-1.77679549081096,-0.00114248889406303,0.453991361848605
1.37550962207164,0.52548900264771,-1.65229089068912,-0.00222012638560671,0.395753793456753
1.44359804923003,0.405277060569851,-3.71123486083661,-0.0012805997538821,0.417049061668447
1.34795625954465,0.471749788996516,-2.5005167368587,-0.00165402851708334,0.412477564806802
1.43382945647751,0.505502163400517,-3.08416876761235,-0.00195875177103018,0.442680992236656
1.40534365858081,0.509772868998401,-1.57679390893784,-0.00227345364920964,0.419922368595384
1.61152726551045,0.434477841491104,-2.59472200319172,-0.00215784405814421,0.426654302474887
1.30813589023045,0.532678643627816,-0.248599542906827,-0.00233021436957205,0.424447709918116
1.25528742294252,0.477278367756983,-0.850936682726169,-0.00175441502040783,0.435456443279181
1.01594785260285,0.672155205019032,-2.83443143112331,-0.00162405114151997,0.415822948647218
1.45107664217835,0.46715209368445,-2.01895809673801,-0.00200455873143325,0.378833709061539
1.24675830255038,0.513026964694941,-2.07658407603926,-0.0012805055355721,0.425977606572516
1.60804030249345,0.393705269705695,-3.16551348508733,-0.00181840590069119,0.445428975167848
1.11678744741861,0.571690162270585,0.8784007859791,-0.00206416242599939,0.427714702813988
1.46294790006016,0.433969034314363,-3.35667766186713,-0.00139068233688811,0.412692259143926
1.75202323959445,0.411025346860253,-4.32219981460307,-0.00247163152307664,0.401346475052482
1.39981579247538,0.546311532031406,-3.21769845369446,-0.00228949953521167,0.420707216028177
1.63820468756412,0.387125668342252,-2.1927266465235,-0.0024299879223457,0.456794015478741
0.9535987798463,0.586134921782113,-2.24320473199929,-0.000607421672878954,0.439912000140822
1.21752947951891,0.59877090984665,-1.99847396946786,-0.00219990742632161,0.41969333130019
1.51273571791227,0.396455492989367,-1.93805858734337,-0.00161354171642188,0.423811282476044
1.53395493789008,0.472089559808454,-4.00580321046694,-0.00196976159526946,0.374739741952526
1.0944108616382,0.601880610381126,-4.33592841115542,-0.00114188950907403,0.412053504202662
1.22769748659733,0.522098229016254,-2.17499002528597,-0.0012126998228114,0.373756966002197
1.63660536758325,0.395541073963606,-2.65922469441364,-0.00213972439381349,0.427758078408081
1.00561535150637,0.613056263156889,-2.01037066767525,-0.00111379395518892,0.41410333128275
1.41589624602891,0.484777677173187,-2.3257110770204,-0.00229676103039824,0.443992643786561
1.53787730465917,0.43661619196976,-3.76461399973806,-0.00190464624225208,0.395051145474826
1.30417240758561,0.456279598906293,-0.948811652142423,-0.00148656324251891,0.416105658161701
1.22914870894031,0.538965739762247,-2.36319015521345,-0.00137247649514157,0.386360046089813
1.19612407870408,0.504712484507301,-1.73317886044779,-0.00144712388204994,0.425202959297958
0.939257391857989,0.617528556067123,-1.60656243495637,-0.000973764608996517,0.422136777131824
1.37043100316645,0.474981886061878,-2.86563087141971,-0.00154556518204531,0.452170310721324
1.54337207910332,0.487934330020026,-4.64395292373638,-0.00205177850967367,0.4145393975458
1.35948326356555,0.492837415888928,-3.01449301054757,-0.00171386930781619,0.379440049371695
1.09045665632087,0.61308435411668,-2.22087701987562,-0.00182180383572591,0.396568092073702
1.44841506875462,0.460918035350398,-1.37165203524233,-0.00204957816037737,0.377414034442026
1.41862709972392,0.464141691374149,-3.13311145344954,-0.00186581508567022,0.408747188526263
1.5264412842867,0.452301301549565,-3.69113735695426,-0.00208424981438532,0.475069360172909
0.821982150343602,0.650914811462401,0.132738431013139,-0.00121521067731072,0.419538633974552
1.53821964310722,0.439964868893716,-1.39002189376602,-0.00236816260092693,0.370998374506916
1.05157205810637,0.602743236344578,-2.85963476003592,-0.00149279708396986,0.399698540157246
1.09520486166189,0.569766376632244,-2.87441446642455,-0.00106316154587737,0.432821261585827
1.17238676524156,0.538656164777996,-1.88027610059466,-0.00146772099520659,0.474019090891147
1.32194099582971,0.52123689793849,-2.91036492694616,-0.00147784303939045,0.408728070750972
1.04253317185806,0.625584722785947,-2.12432320143239,-0.00154513667899357,0.443619465968135
1.11006831113148,0.557135106796444,-2.58490668655071,-0.000990238600327023,0.479232369471634
1.16737911164733,0.503094918217416,-1.304455525727,-0.00128648119990647,0.385155043819219
1.41907360674443,0.496233568716137,-1.55036463276912,-0.00197459610306944,0.435552807053038
1.4355326392229,0.517233082579473,-3.44193253578207,-0.00229170994218333,0.375292294894959
1.60619503365372,0.419673838549025,-1.23851395155035,-0.0025691600225928,0.454543029703779
1.55375241872015,0.474818708237772,-3.69087624544994,-0.00229394323103003,0.482396282307485
1.0642485782786,0.523599441478339,-0.468994692354459,-0.00101983916953292,0.44081828327229
1.52670263694293,0.467261246053522,-3.34523591682216,-0.00198178249154814,0.417299070725127
1.37727830761679,0.496167442081929,-3.41717204441449,-0.00191283072072283,0.383477562878117
1.52903126235461,0.445809034284356,-2.12647635863403,-0.00233233144472464,0.406042566902965
1.23363663864263,0.485254707173013,-2.62556848719613,-0.00114424494942509,0.412060836755586
1.33357408255554,0.521717748365031,-1.21865755038514,-0.00221907866601212,0.434215608324544
1.13171425972066,0.469286219732437,-1.65696475655092,-0.000799033375469046,0.48240805964739
1.27909518376503,0.484954390625081,-1.66227380950336,-0.00145491360120174,0.468028127535145
1.4031622765692,0.487601335625671,-3.84194009611375,-0.00136156150532254,0.431713293281458
1.19927882638218,0.583711019733343,-1.71416625384329,-0.00184844846252998,0.435323131764939
1.39166743811222,0.50111186576064,-2.84671064160347,-0.00162465042585403,0.420095998745193
1.47930227831755,0.442759364347229,-3.97560352462551,-0.00177344626051133,0.408858770306545
1.3206865010806,0.490039018687125,-1.32774372754618,-0.00198051865619746,0.457110704802658
1.51735360039284,0.407669120419755,-2.91705559719811,-0.00173296214142104,0.386050168039993
1.64563596190852,0.500975113006364,-3.60009557666982,-0.00261138244946278,0.440533018005306
1.40743615168927,0.531063349858458,-2.86030466067893,-0.00180226215729785,0.437903358783417
1.45594214409451,0.508195881703789,-3.31524413325596,-0.00210403052608509,0.395848087058063
1.04998646847581,0.592835730548737,-2.72429807580074,-0.00102410800556037,0.408490493801508
1.29077773580426,0.5015579819163,-2.72087928044398,-0.00139144709686043,0.388685918210141
1.20291048281649,0.485630345749206,-4.10971438086531,-0.000717594756695635,0.406264042163076
1.36110530796823,0.470661886132402,-3.08080944290833,-0.00145551085990679,0.393083884538071
1.03149554988455,0.50727641433141,-0.779803934205101,-0.000823892748971321,0.42021483864592
1.26782006486765,0.538886942951095,-1.91501730881986,-0.00194290755477825,0.4273746971815
1.23217247579711,0.535493752209768,-3.00043775858683,-0.00130401779155248,0.420487208249589
1.05411080725607,0.543254997080313,-1.13054160120039,-0.000865036554636762,0.383283191453138
1.02461387519104,0.596499948575618,-2.30586066154075,-0.00112534523931897,0.414893907135042
1.01106331450605,0.54072615725999,-3.85871710231199,-0.000338805356209695,0.445117469558067
1.55039568863984,0.342423376641332,-2.90952352679355,-0.00136837931717414,0.387673199192211
1.52283801217011,0.433797287723502,-3.46401911380533,-0.00197682345119275,0.421155296976041
1.19066286919774,0.517666340806831,0.357630239564386,-0.00162022218284283,0.398407850024925
1.04814976303429,0.627634965089657,-1.3431918428915,-0.00158749221776451,0.425252481753097
1.25926861077154,0.481694049145621,-2.68025504909287,-0.00131952437893474,0.448943859961016
1.24510637235413,0.584678961719514,-1.732522597308,-0.00201289956114652,0.447613381267716
1.26388712219065,0.516251682485571,-1.84557382534207,-0.00163414151937166,0.409281325708702
1.3851655260492,0.463715172352031,-3.73840466535979,-0.00134646712044484,0.416351695314251
1.13369149613492,0.556739376537206,-0.774646033495967,-0.00160556803252689,0.452298193218742
1.58778843554451,0.435868043780007,-2.95700120935921,-0.00219664293703403,0.435192729440052
1.46471430577907,0.43764998042783,-3.12566667095922,-0.00177059839749994,0.446279729897809
1.36468796502823,0.496507172544498,-3.37067328811261,-0.00160234124593948,0.40377167358416
1.3163639176171,0.516414855132258,-1.83048467485125,-0.00179273657829539,0.46803482380166
1.45959967773482,0.455015232382349,-2.31504725980281,-0.00196502404103587,0.399134303243131
1.45599326799057,0.494870795860112,-1.14336239314381,-0.00233788346458938,0.421961792860719
1.49548706054878,0.403754144230724,-3.88868707780899,-0.00137662140452757,0.392465418361571
